4_adamiak_1.pdb (126, 126) (126, 126) 0.900760442888 0.971483870968
4_adamiak_2.pdb (126, 126) (126, 126) 0.911061607742 0.972903225806
4_adamiak_3.pdb (126, 126) (126, 126) 0.908751934406 0.972774193548
4_adamiak_4.pdb (126, 126) (126, 126) 0.885588240845 0.962322580645
4_adamiak_5.pdb (126, 126) (126, 126) 0.890679756751 0.961419354839
4_bujnicki_1.pdb (126, 126) (126, 126) 0.940389450701 0.97935483871
4_bujnicki_2.pdb (126, 126) (126, 126) 0.942770983767 0.979612903226
4_bujnicki_3.pdb (126, 126) (126, 126) 0.938567371037 0.979096774194
4_bujnicki_4.pdb (126, 126) (126, 126) 0.942770983767 0.979612903226
4_bujnicki_5.pdb (126, 126) (126, 126) 0.940877044373 0.979225806452
4_chen_1.pdb (126, 126) (126, 126) 0.952830983012 0.983612903226
4_chen_10.pdb (126, 126) (126, 126) 0.954021749545 0.983741935484
4_chen_2.pdb (126, 126) (126, 126) 0.954237328734 0.984129032258
4_chen_3.pdb (126, 126) (126, 126) 0.953606015603 0.984
4_chen_4.pdb (126, 126) (126, 126) 0.955068796618 0.983612903226
4_chen_5.pdb (126, 126) (126, 126) 0.954021749545 0.983741935484
4_chen_6.pdb (126, 126) (126, 126) 0.954509343217 0.983612903226
4_chen_7.pdb (126, 126) (126, 126) 0.954093609275 0.983870967742
4_chen_8.pdb (126, 126) (126, 126) 0.954796782136 0.984129032258
4_chen_9.pdb (126, 126) (126, 126) 0.953174857224 0.983225806452
4_das_1.pdb (126, 126) (126, 126) 0.948437377512 0.979741935484
4_das_2.pdb (126, 126) (126, 126) 0.948437377512 0.979741935484
4_das_3.pdb (126, 126) (126, 126) 0.948437377512 0.979741935484
4_das_4.pdb (126, 126) (126, 126) 0.948437377512 0.979741935484
4_das_5.pdb (126, 126) (126, 126) 0.948437377512 0.979741935484
4_dokholyan_1.pdb (126, 126) (126, 126) 0.931741059633 0.980903225806
4_dokholyan_2.pdb (126, 126) (126, 126) 0.931741059633 0.980903225806
4_flores_1.pdb (126, 126) (126, 126) 0.931479319064 0.97678992919
4_major_1.pdb (126, 126) (126, 126) 0.933799042451 0.973548387097
4_mikolajczak_1.pdb (126, 126) (126, 126) 0.903064853769 0.966580645161
4_santalucia_1.pdb (126, 126) (126, 126) 0.953528893418 0.978838709677
TPP_FL_sln.out.1.pdb (126, 126) (126, 126) 0.784786012177 0.913060582219
TPP_FL_sln.out.2.pdb (126, 126) (126, 126) 0.785250718959 0.911880409127
TPP_FL_sln.out.3.pdb (126, 126) (126, 126) 0.775150398712 0.905848413323
TPP_FL_sln.out.4.pdb (126, 126) (126, 126) 0.775827230036 0.914109624967
TPP_FL_sln.out.5.pdb (126, 126) (126, 126) 0.774636140529 0.90794649882
0.915715851309
0.0580163408249
