8_Adamiak_1.pdb (96, 96) (96, 96) 0.757669354839 0.918253079507
8_Adamiak_2.pdb (96, 96) (96, 96) 0.753092741935 0.920268756999
8_Bujnicki_1.pdb (96, 96) (96, 96) 0.860080350924 0.952412280702
8_Bujnicki_10.pdb (96, 96) (96, 96) 0.831924359017 0.940570175439
8_Bujnicki_2.pdb (96, 96) (96, 96) 0.843740671332 0.944956140351
8_Bujnicki_3.pdb (96, 96) (96, 96) 0.829233556669 0.935745614035
8_Bujnicki_4.pdb (96, 96) (96, 96) 0.846634631331 0.948464912281
8_Bujnicki_5.pdb (96, 96) (96, 96) 0.874257852665 0.952631578947
8_Bujnicki_6.pdb (96, 96) (96, 96) 0.867412683671 0.950438596491
8_Bujnicki_7.pdb (96, 96) (96, 96) 0.869127085475 0.958552631579
8_Bujnicki_8.pdb (96, 96) (96, 96) 0.848098195628 0.94100877193
8_Bujnicki_9.pdb (96, 96) (96, 96) 0.886482553319 0.959429824561
8_Chen_1.pdb (96, 96) (96, 96) 0.788369846429 0.931359649123
8_Chen_10.pdb (96, 96) (96, 96) 0.785761965571 0.930043859649
8_Chen_2.pdb (96, 96) (96, 96) 0.780996052937 0.931578947368
8_Chen_3.pdb (96, 96) (96, 96) 0.796071179807 0.935087719298
8_Chen_4.pdb (96, 96) (96, 96) 0.787635991243 0.930043859649
8_Chen_5.pdb (96, 96) (96, 96) 0.796357258947 0.937280701754
8_Chen_6.pdb (96, 96) (96, 96) 0.78164905967 0.934429824561
8_Chen_7.pdb (96, 96) (96, 96) 0.796232876712 0.93201754386
8_Chen_8.pdb (96, 96) (96, 96) 0.784418637434 0.932675438596
8_Chen_9.pdb (96, 96) (96, 96) 0.788697386315 0.935307017544
8_Das_1.pdb (96, 96) (96, 96) 0.896100806452 0.967077267637
8_Das_2.pdb (96, 96) (96, 96) 0.889375 0.960134378499
8_Das_3.pdb (96, 96) (96, 96) 0.887272849462 0.969988801792
8_Das_4.pdb (96, 96) (96, 96) 0.88184811828 0.958566629339
8_Das_5.pdb (96, 96) (96, 96) 0.862869623656 0.946696528555
8_Das_6.pdb (96, 96) (96, 96) 0.883507744867 0.957456140351
8_Ding_1.pdb (96, 96) (96, 96) 0.818439251716 0.939912280702
8_Ding_10.pdb (96, 96) (96, 96) 0.818441324754 0.944956140351
8_Ding_2.pdb (96, 96) (96, 96) 0.817748930313 0.945394736842
8_Ding_3.pdb (96, 96) (96, 96) 0.815916365385 0.947149122807
8_Ding_4.pdb (96, 96) (96, 96) 0.807317406879 0.940131578947
8_Ding_5.pdb (96, 96) (96, 96) 0.845618843079 0.955043859649
8_Ding_6.pdb (96, 96) (96, 96) 0.824146323261 0.948464912281
8_Ding_7.pdb (96, 96) (96, 96) 0.82279884905 0.94100877193
8_Ding_8.pdb (96, 96) (96, 96) 0.806054927195 0.941228070175
8_Ding_9.pdb (96, 96) (96, 96) 0.813103253839 0.942105263158
8_Dokholyan_1.pdb (96, 96) (96, 96) 0.740988507081 0.928728070175
8_Dokholyan_2.pdb (96, 96) (96, 96) 0.754801154267 0.933333333333
8_Dokholyan_3.pdb (96, 96) (96, 96) 0.748770688912 0.930921052632
8_Dokholyan_4.pdb (96, 96) (96, 96) 0.701795664865 0.925657894737
0.818829998219
0.0462542074609
