15_3dRNAAS2_1.pdb (68, 68) (68, 68) 0.706070370686 0.855477855478
15_3dRNAAS2_10.pdb (68, 68) (68, 68) 0.706349544332 0.855944055944
15_3dRNAAS2_2.pdb (68, 68) (68, 68) 0.706628717978 0.85641025641
15_3dRNAAS2_3.pdb (68, 68) (68, 68) 0.706628717978 0.85641025641
15_3dRNAAS2_4.pdb (68, 68) (68, 68) 0.70579119704 0.855011655012
15_3dRNAAS2_5.pdb (68, 68) (68, 68) 0.706628717978 0.85641025641
15_3dRNAAS2_6.pdb (68, 68) (68, 68) 0.706628717978 0.85641025641
15_3dRNAAS2_7.pdb (68, 68) (68, 68) 0.706070370686 0.855477855478
15_3dRNAAS2_8.pdb (68, 68) (68, 68) 0.704937114953 0.855477855478
15_3dRNAAS2_9.pdb (68, 68) (68, 68) 0.706349544332 0.855944055944
15_Chen_1.pdb (68, 68) (68, 68) 0.810228165309 0.898834498834
15_Chen_10.pdb (68, 68) (68, 68) 0.782850220973 0.887179487179
15_Chen_2.pdb (68, 68) (68, 68) 0.770696703858 0.883916083916
15_Chen_3.pdb (68, 68) (68, 68) 0.853864425707 0.93006993007
15_Chen_4.pdb (68, 68) (68, 68) 0.781059251058 0.897435897436
15_Chen_5.pdb (68, 68) (68, 68) 0.79299983912 0.892773892774
15_Chen_6.pdb (68, 68) (68, 68) 0.845406410584 0.925407925408
15_Chen_7.pdb (68, 68) (68, 68) 0.810803073749 0.897902097902
15_Chen_8.pdb (68, 68) (68, 68) 0.782703536515 0.871794871795
15_Chen_9.pdb (68, 68) (68, 68) 0.736027122429 0.863869463869
15_RNAComposerAS1_1.pdb (68, 68) (68, 68) 0.894891122278 0.936130536131
15_RNAComposerAS1_2.pdb (68, 68) (68, 68) 0.887270628093 0.932867132867
15_RNAComposerAS2_1.pdb (68, 68) (68, 68) 0.87091294514 0.924475524476
15_RNAComposerAS2_2.pdb (68, 68) (68, 68) 0.846326737264 0.917482517483
15_RW2DAS1_1.pdb (68, 68) (68, 68) 0.745750901616 0.852555404794
15_RW2DAS1_10.pdb (68, 68) (68, 68) 0.767721396874 0.885572139303
15_RW2DAS1_2.pdb (68, 68) (68, 68) 0.794191068434 0.874717322479
15_RW2DAS1_3.pdb (68, 68) (68, 68) 0.785019071224 0.886928991407
15_RW2DAS1_4.pdb (68, 68) (68, 68) 0.769440033245 0.877431026685
15_RW2DAS1_5.pdb (68, 68) (68, 68) 0.792649787026 0.894165535957
15_RW2DAS1_6.pdb (68, 68) (68, 68) 0.761778150462 0.87381275441
15_RW2DAS1_7.pdb (68, 68) (68, 68) 0.779841642055 0.881953867028
15_RW2DAS1_8.pdb (68, 68) (68, 68) 0.745293043827 0.87381275441
15_RW2DAS1_9.pdb (68, 68) (68, 68) 0.785654283976 0.87697874265
15_RW2DAS2_1.pdb (68, 68) (68, 68) 0.809390166075 0.896426956128
15_RW2DAS2_10.pdb (68, 68) (68, 68) 0.822547084403 0.900045228403
15_RW2DAS2_2.pdb (68, 68) (68, 68) 0.773534038795 0.880597014925
15_RW2DAS2_3.pdb (68, 68) (68, 68) 0.748892088039 0.870646766169
15_RW2DAS2_4.pdb (68, 68) (68, 68) 0.776784309651 0.886024423338
15_RW2DAS2_5.pdb (68, 68) (68, 68) 0.799592603037 0.885572139303
15_RW2DAS2_6.pdb (68, 68) (68, 68) 0.770492289883 0.882858435097
15_RW2DAS2_7.pdb (68, 68) (68, 68) 0.777674794817 0.878335594754
15_RW2DAS2_8.pdb (68, 68) (68, 68) 0.748745900058 0.855721393035
15_RW2DAS2_9.pdb (68, 68) (68, 68) 0.78363362472 0.88828584351
15_SimRNAAS1_1.pdb (68, 68) (68, 68) 0.821338992861 0.912709181366
15_SimRNAAS1_10.pdb (68, 68) (68, 68) 0.7067283575 0.853459972863
15_SimRNAAS1_2.pdb (68, 68) (68, 68) 0.685174906128 0.835820895522
15_SimRNAAS1_3.pdb (68, 68) (68, 68) 0.699654936998 0.845318860244
15_SimRNAAS1_4.pdb (68, 68) (68, 68) 0.696420249633 0.838082315694
15_SimRNAAS1_5.pdb (68, 68) (68, 68) 0.695862954333 0.838986883763
15_SimRNAAS1_6.pdb (68, 68) (68, 68) 0.687967319194 0.86250565355
15_SimRNAAS1_7.pdb (68, 68) (68, 68) 0.741136704314 0.877883310719
15_SimRNAAS1_8.pdb (68, 68) (68, 68) 0.725464165393 0.879240162822
15_SimRNAAS1_9.pdb (68, 68) (68, 68) 0.695831787352 0.842605156038
15_SimRNAAS2_1.pdb (68, 68) (68, 68) 0.770143516526 0.89145183175
15_SimRNAAS2_10.pdb (68, 68) (68, 68) 0.727708930082 0.87381275441
15_SimRNAAS2_2.pdb (68, 68) (68, 68) 0.726625506463 0.872003618272
15_SimRNAAS2_3.pdb (68, 68) (68, 68) 0.682768369967 0.828132066938
15_SimRNAAS2_4.pdb (68, 68) (68, 68) 0.78486323632 0.905020352782
15_SimRNAAS2_5.pdb (68, 68) (68, 68) 0.718530996304 0.854816824966
15_SimRNAAS2_6.pdb (68, 68) (68, 68) 0.706473085086 0.851198552691
15_SimRNAAS2_7.pdb (68, 68) (68, 68) 0.777789815818 0.896879240163
15_SimRNAAS2_8.pdb (68, 68) (68, 68) 0.705644933881 0.851650836725
15_SimRNAAS2_9.pdb (68, 68) (68, 68) 0.768325442645 0.879240162822
0.759237557516
0.0520267379349
