3_bujnicki_1.pdb (84, 84) (84, 84) 0.789128728414 0.912220309811
3_bujnicki_2.pdb (84, 84) (84, 84) 0.761394557823 0.908204245554
3_chen_1.pdb (84, 84) (84, 84) 0.784918150382 0.928298560094
3_das_1.pdb (84, 84) (84, 84) 0.749781357494 0.893329415222
3_das_2.pdb (84, 84) (84, 84) 0.783411826269 0.90131956397
3_das_3.pdb (84, 84) (84, 84) 0.773348940445 0.90243902439
3_das_4.pdb (84, 84) (84, 84) 0.817399267399 0.929718875502
3_das_5.pdb (84, 84) (84, 84) 0.790515436944 0.910786001147
3_dokholyan_1.pdb (84, 84) (84, 84) 0.735269492412 0.879231210557
3_dokholyan_2.pdb (84, 84) (84, 84) 0.766169544741 0.906196213425
3_major_1.pdb (84, 84) (84, 84) 0.656859591876 0.83749632677
3_major_2.pdb (84, 84) (84, 84) 0.749081571523 0.895974140464
0.76310653881
0.0385345605155
4_adamiak_1.pdb (126, 126) (126, 126) 0.900760442888 0.971483870968
4_adamiak_2.pdb (126, 126) (126, 126) 0.911061607742 0.972903225806
4_adamiak_3.pdb (126, 126) (126, 126) 0.908751934406 0.972774193548
4_adamiak_4.pdb (126, 126) (126, 126) 0.885588240845 0.962322580645
4_adamiak_5.pdb (126, 126) (126, 126) 0.890679756751 0.961419354839
4_bujnicki_1.pdb (126, 126) (126, 126) 0.940389450701 0.97935483871
4_bujnicki_2.pdb (126, 126) (126, 126) 0.942770983767 0.979612903226
4_bujnicki_3.pdb (126, 126) (126, 126) 0.938567371037 0.979096774194
4_bujnicki_4.pdb (126, 126) (126, 126) 0.942770983767 0.979612903226
4_bujnicki_5.pdb (126, 126) (126, 126) 0.940877044373 0.979225806452
4_chen_1.pdb (126, 126) (126, 126) 0.952830983012 0.983612903226
4_chen_10.pdb (126, 126) (126, 126) 0.954021749545 0.983741935484
4_chen_2.pdb (126, 126) (126, 126) 0.954237328734 0.984129032258
4_chen_3.pdb (126, 126) (126, 126) 0.953606015603 0.984
4_chen_4.pdb (126, 126) (126, 126) 0.955068796618 0.983612903226
4_chen_5.pdb (126, 126) (126, 126) 0.954021749545 0.983741935484
4_chen_6.pdb (126, 126) (126, 126) 0.954509343217 0.983612903226
4_chen_7.pdb (126, 126) (126, 126) 0.954093609275 0.983870967742
4_chen_8.pdb (126, 126) (126, 126) 0.954796782136 0.984129032258
4_chen_9.pdb (126, 126) (126, 126) 0.953174857224 0.983225806452
4_das_1.pdb (126, 126) (126, 126) 0.948437377512 0.979741935484
4_das_2.pdb (126, 126) (126, 126) 0.948437377512 0.979741935484
4_das_3.pdb (126, 126) (126, 126) 0.948437377512 0.979741935484
4_das_4.pdb (126, 126) (126, 126) 0.948437377512 0.979741935484
4_das_5.pdb (126, 126) (126, 126) 0.948437377512 0.979741935484
4_dokholyan_1.pdb (126, 126) (126, 126) 0.931741059633 0.980903225806
4_dokholyan_2.pdb (126, 126) (126, 126) 0.931741059633 0.980903225806
4_flores_1.pdb (126, 126) (126, 126) 0.931479319064 0.97678992919
4_major_1.pdb (126, 126) (126, 126) 0.933799042451 0.973548387097
4_mikolajczak_1.pdb (126, 126) (126, 126) 0.903064853769 0.966580645161
4_santalucia_1.pdb (126, 126) (126, 126) 0.953528893418 0.978838709677
TPP_FL_sln.out.1.pdb (126, 126) (126, 126) 0.784786012177 0.913060582219
TPP_FL_sln.out.2.pdb (126, 126) (126, 126) 0.785250718959 0.911880409127
TPP_FL_sln.out.3.pdb (126, 126) (126, 126) 0.775150398712 0.905848413323
TPP_FL_sln.out.4.pdb (126, 126) (126, 126) 0.775827230036 0.914109624967
TPP_FL_sln.out.5.pdb (126, 126) (126, 126) 0.774636140529 0.90794649882
0.915715851309
0.0580163408249
6_Blanchet_1.pdb (168, 168) (168, 168) 0.73621891364 0.913891800371
6_Blanchet_2.pdb (168, 168) (168, 168) 0.745547800422 0.920906232363
6_Blanchet_3.pdb (168, 168) (168, 168) 0.74760488185 0.919616221882
6_Blanchet_4.pdb (168, 168) (168, 168) 0.751128716087 0.918487462711
6_Blanchet_5.pdb (168, 168) (168, 168) 0.742108254716 0.915423687817
6_Blanchet_6.pdb (168, 168) (168, 168) 0.740401742963 0.917358703539
6_Blanchet_7.pdb (168, 168) (168, 168) 0.742831723908 0.917600580505
6_Bujnicki_1.pdb (168, 168) (168, 168) 0.729441039379 0.941326327522
6_Bujnicki_2.pdb (168, 168) (168, 168) 0.714012663416 0.933126343444
6_Bujnicki_3.pdb (168, 168) (168, 168) 0.699806578764 0.935594299817
6_Bujnicki_4.pdb (168, 168) (168, 168) 0.730115169659 0.935833134305
6_Chen_1.pdb (168, 168) (168, 168) 0.766985589637 0.939734097604
6_Chen_2.pdb (168, 168) (168, 168) 0.756900517539 0.946421463259
6_Chen_3.pdb (168, 168) (168, 168) 0.747972934013 0.935037019346
6_Chen_4.pdb (168, 168) (168, 168) 0.761894094406 0.938778759653
6_Chen_5.pdb (168, 168) (168, 168) 0.74794241569 0.931613725022
6_Chen_6.pdb (168, 168) (168, 168) 0.751624613716 0.936708860759
6_Chen_7.pdb (168, 168) (168, 168) 0.733390370131 0.933444789428
6_DAS_1.pdb (168, 168) (168, 168) 0.861449799566 0.960433086538
6_DAS_10.pdb (168, 168) (168, 168) 0.802180878336 0.948969031128
6_DAS_2.pdb (168, 168) (168, 168) 0.824808331944 0.95358649789
6_DAS_3.pdb (168, 168) (168, 168) 0.832853870996 0.950720484038
6_DAS_4.pdb (168, 168) (168, 168) 0.85929325797 0.960671921025
6_DAS_5.pdb (168, 168) (168, 168) 0.835912845902 0.947934081681
6_DAS_6.pdb (168, 168) (168, 168) 0.851303690821 0.960273863546
6_DAS_7.pdb (168, 168) (168, 168) 0.82401784244 0.949605923095
6_DAS_8.pdb (168, 168) (168, 168) 0.827657444679 0.94873019664
6_DAS_9.pdb (168, 168) (168, 168) 0.824239782076 0.954223389857
6_Dokholian_1.pdb (168, 168) (168, 168) 0.725647546872 0.936868083751
6_Dokholian_2.pdb (168, 168) (168, 168) 0.720073991999 0.936708860759
6_Dokholian_3.pdb (168, 168) (168, 168) 0.731208374955 0.940370989571
6_Dokholian_4.pdb (168, 168) (168, 168) 0.715903370937 0.934081681395
6_Dokholian_5.pdb (168, 168) (168, 168) 0.717584865613 0.927075869756
6_Dokholian_6.pdb (168, 168) (168, 168) 0.700536031621 0.932728285964
0.764723527843
0.0482533067531
7_Adamiak_1.pdb (184, 184) (184, 184) 0.793231671345 0.956759325255
7_Adamiak_2.pdb (184, 184) (184, 184) 0.781236033395 0.950819672131
7_Adamiak_3.pdb (184, 184) (184, 184) 0.79786188033 0.958184842005
7_Adamiak_4.pdb (184, 184) (184, 184) 0.799783685217 0.952363981943
7_Adamiak_5.pdb (184, 184) (184, 184) 0.809553604948 0.957234497505
7_Bujnicki_1.pdb (185, 185) (185, 185) 0.775915129282 0.968625146886
7_Bujnicki_2.pdb (185, 185) (185, 185) 0.755149338794 0.965687426557
7_Bujnicki_3.pdb (185, 185) (185, 185) 0.770183159398 0.960869565217
7_Bujnicki_4.pdb (185, 185) (185, 185) 0.790167441641 0.961280846063
7_Bujnicki_5.pdb (185, 185) (185, 185) 0.790167441641 0.961280846063
7_Bujnicki_6.pdb (185, 185) (185, 185) 0.767893918207 0.960693301998
7_Bujnicki_7.pdb (185, 185) (185, 185) 0.77441335547 0.959518213866
7_Chen_1.pdb (185, 185) (185, 185) 0.780043948261 0.961868390129
7_Chen_10.pdb (185, 185) (185, 185) 0.796208209592 0.965452408931
7_Chen_2.pdb (185, 185) (185, 185) 0.797816673459 0.964336075206
7_Chen_3.pdb (185, 185) (185, 185) 0.794699830473 0.963631022327
7_Chen_4.pdb (185, 185) (185, 185) 0.80628496325 0.962690951821
7_Chen_5.pdb (185, 185) (185, 185) 0.803477564503 0.962573443008
7_Chen_6.pdb (185, 185) (185, 185) 0.797746886962 0.963160987074
7_Chen_7.pdb (185, 185) (185, 185) 0.802928462523 0.962573443008
7_Chen_8.pdb (185, 185) (185, 185) 0.796718469499 0.964336075206
7_Chen_9.pdb (185, 185) (185, 185) 0.790994397264 0.957638072855
7_Das_1.pdb (184, 184) (185, 185) 0.80305522284 0.960679496317
7_Das_2.pdb (184, 184) (184, 184) 0.806000500563 0.955749584224
7_Das_3.pdb (184, 184) (184, 184) 0.803774782344 0.947315276788
7_Das_4.pdb (184, 184) (184, 184) 0.819922412714 0.960085531005
7_Das_5.pdb (184, 184) (184, 184) 0.809285446127 0.954621050131
7_Das_6.pdb (184, 184) (184, 184) 0.804673114397 0.955333808506
7_Das_8.pdb (184, 184) (184, 184) 0.799850724923 0.956699928724
7_Ding_1.pdb (185, 185) (185, 185) 0.748907755175 0.963219741481
7_Ding_10.pdb (185, 185) (185, 185) 0.74593773666 0.961750881316
7_Ding_2.pdb (185, 185) (185, 185) 0.739657310968 0.958166862515
7_Ding_3.pdb (185, 185) (185, 185) 0.737940864704 0.96116333725
7_Ding_4.pdb (185, 185) (185, 185) 0.743439782151 0.962220916569
7_Ding_5.pdb (185, 185) (185, 185) 0.767995295299 0.966098707403
7_Ding_6.pdb (185, 185) (185, 185) 0.752295200326 0.9633960047
7_Ding_7.pdb (185, 185) (185, 185) 0.752898293505 0.962455934195
7_Ding_8.pdb (185, 185) (185, 185) 0.752117431432 0.964101057579
7_Ding_9.pdb (185, 185) (185, 185) 0.755427192438 0.962044653349
7_Dokholyan_1.pdb (185, 185) (185, 185) 0.777043631494 0.964512338425
7_Dokholyan_2.pdb (185, 185) (185, 185) 0.748496933846 0.957226792009
7_Major_1.pdb (185, 185) (185, 185) 0.746453955703 0.949177438308
7_Major_10.pdb (185, 185) (185, 185) 0.749934234125 0.949529964747
7_Major_2.pdb (185, 185) (185, 185) 0.753886576553 0.951821386604
7_Major_3.pdb (185, 185) (185, 185) 0.749145474403 0.950117508813
7_Major_4.pdb (185, 185) (185, 185) 0.757861965756 0.953113983549
7_Major_5.pdb (185, 185) (185, 185) 0.759802920637 0.951586368978
7_Major_6.pdb (185, 185) (185, 185) 0.753793743282 0.951645123384
7_Major_7.pdb (185, 185) (185, 185) 0.76038296704 0.951645123384
7_Major_8.pdb (185, 185) (185, 185) 0.748426501178 0.951880141011
7_Major_9.pdb (185, 185) (185, 185) 0.753391465772 0.950881316099
0.77596618631
0.0237547175695
8_Adamiak_1.pdb (96, 96) (96, 96) 0.757669354839 0.918253079507
8_Adamiak_2.pdb (96, 96) (96, 96) 0.753092741935 0.920268756999
8_Bujnicki_1.pdb (96, 96) (96, 96) 0.860080350924 0.952412280702
8_Bujnicki_10.pdb (96, 96) (96, 96) 0.831924359017 0.940570175439
8_Bujnicki_2.pdb (96, 96) (96, 96) 0.843740671332 0.944956140351
8_Bujnicki_3.pdb (96, 96) (96, 96) 0.829233556669 0.935745614035
8_Bujnicki_4.pdb (96, 96) (96, 96) 0.846634631331 0.948464912281
8_Bujnicki_5.pdb (96, 96) (96, 96) 0.874257852665 0.952631578947
8_Bujnicki_6.pdb (96, 96) (96, 96) 0.867412683671 0.950438596491
8_Bujnicki_7.pdb (96, 96) (96, 96) 0.869127085475 0.958552631579
8_Bujnicki_8.pdb (96, 96) (96, 96) 0.848098195628 0.94100877193
8_Bujnicki_9.pdb (96, 96) (96, 96) 0.886482553319 0.959429824561
8_Chen_1.pdb (96, 96) (96, 96) 0.788369846429 0.931359649123
8_Chen_10.pdb (96, 96) (96, 96) 0.785761965571 0.930043859649
8_Chen_2.pdb (96, 96) (96, 96) 0.780996052937 0.931578947368
8_Chen_3.pdb (96, 96) (96, 96) 0.796071179807 0.935087719298
8_Chen_4.pdb (96, 96) (96, 96) 0.787635991243 0.930043859649
8_Chen_5.pdb (96, 96) (96, 96) 0.796357258947 0.937280701754
8_Chen_6.pdb (96, 96) (96, 96) 0.78164905967 0.934429824561
8_Chen_7.pdb (96, 96) (96, 96) 0.796232876712 0.93201754386
8_Chen_8.pdb (96, 96) (96, 96) 0.784418637434 0.932675438596
8_Chen_9.pdb (96, 96) (96, 96) 0.788697386315 0.935307017544
8_Das_1.pdb (96, 96) (96, 96) 0.896100806452 0.967077267637
8_Das_2.pdb (96, 96) (96, 96) 0.889375 0.960134378499
8_Das_3.pdb (96, 96) (96, 96) 0.887272849462 0.969988801792
8_Das_4.pdb (96, 96) (96, 96) 0.88184811828 0.958566629339
8_Das_5.pdb (96, 96) (96, 96) 0.862869623656 0.946696528555
8_Das_6.pdb (96, 96) (96, 96) 0.883507744867 0.957456140351
8_Ding_1.pdb (96, 96) (96, 96) 0.818439251716 0.939912280702
8_Ding_10.pdb (96, 96) (96, 96) 0.818441324754 0.944956140351
8_Ding_2.pdb (96, 96) (96, 96) 0.817748930313 0.945394736842
8_Ding_3.pdb (96, 96) (96, 96) 0.815916365385 0.947149122807
8_Ding_4.pdb (96, 96) (96, 96) 0.807317406879 0.940131578947
8_Ding_5.pdb (96, 96) (96, 96) 0.845618843079 0.955043859649
8_Ding_6.pdb (96, 96) (96, 96) 0.824146323261 0.948464912281
8_Ding_7.pdb (96, 96) (96, 96) 0.82279884905 0.94100877193
8_Ding_8.pdb (96, 96) (96, 96) 0.806054927195 0.941228070175
8_Ding_9.pdb (96, 96) (96, 96) 0.813103253839 0.942105263158
8_Dokholyan_1.pdb (96, 96) (96, 96) 0.740988507081 0.928728070175
8_Dokholyan_2.pdb (96, 96) (96, 96) 0.754801154267 0.933333333333
8_Dokholyan_3.pdb (96, 96) (96, 96) 0.748770688912 0.930921052632
8_Dokholyan_4.pdb (96, 96) (96, 96) 0.701795664865 0.925657894737
0.818829998219
0.0462542074609
12_Adamiak_1.pdb (129, 129) (129, 129) 0.740350274725 0.922045387563
12_Adamiak_2.pdb (129, 129) (129, 129) 0.746909340659 0.931034482759
12_Adamiak_3.pdb (129, 129) (129, 129) 0.745226648352 0.927939876216
12_Bujnicki_1.pdb (129, 129) (129, 129) 0.765006868132 0.92897141173
12_Bujnicki_10.pdb (129, 129) (129, 129) 0.801362179487 0.946654877689
12_Bujnicki_2.pdb (129, 129) (129, 129) 0.725595238095 0.924108458591
12_Bujnicki_3.pdb (129, 129) (129, 129) 0.797928113553 0.932655467138
12_Bujnicki_4.pdb (129, 129) (129, 129) 0.803857600733 0.954317712938
12_Bujnicki_5.pdb (129, 129) (129, 129) 0.801522435897 0.946949602122
12_Bujnicki_6.pdb (129, 129) (129, 129) 0.778731684982 0.928087238432
12_Bujnicki_7.pdb (129, 129) (129, 129) 0.774908424908 0.927203065134
12_Bujnicki_8.pdb (129, 129) (129, 129) 0.793383699634 0.930445033893
12_Bujnicki_9.pdb (129, 129) (129, 129) 0.766380494505 0.923813734159
12_Chen_1.pdb (129, 129) (129, 129) 0.741735347985 0.930739758326
12_Chen_10.pdb (129, 129) (129, 129) 0.731318681319 0.933097553787
12_Chen_2.pdb (129, 129) (129, 129) 0.749061355311 0.931918656057
12_Chen_3.pdb (129, 129) (129, 129) 0.734168956044 0.929118773946
12_Chen_4.pdb (129, 129) (129, 129) 0.757898351648 0.932802829355
12_Chen_5.pdb (129, 129) (129, 129) 0.735657051282 0.93339227822
12_Chen_6.pdb (129, 129) (129, 129) 0.738152472527 0.930297671677
12_Chen_7.pdb (129, 129) (129, 129) 0.732234432234 0.933244916004
12_Chen_8.pdb (129, 129) (129, 129) 0.761378205128 0.937665782493
12_Chen_9.pdb (129, 129) (129, 129) 0.760542582418 0.937665782493
12_Das_1.pdb (129, 129) (129, 129) 0.801156135531 0.944739168877
12_Das_10.pdb (129, 129) (129, 129) 0.779578754579 0.941939286767
12_Das_2.pdb (129, 129) (129, 129) 0.81771978022 0.947539050987
12_Das_3.pdb (129, 129) (129, 129) 0.783917124542 0.9422340112
12_Das_4.pdb (129, 129) (129, 129) 0.802529761905 0.939581491306
12_Das_5.pdb (129, 129) (129, 129) 0.800766941392 0.947096964338
12_Das_6.pdb (129, 129) (129, 129) 0.807131410256 0.946507515473
12_Das_7.pdb (129, 129) (129, 129) 0.801144688645 0.941644562334
12_Das_8.pdb (129, 129) (129, 129) 0.818463827839 0.944297082228
12_Das_9.pdb (129, 129) (129, 129) 0.76404532967 0.937960506926
12_Ding_1.pdb (129, 129) (129, 129) 0.808253205128 0.93781314471
12_Ding_10.pdb (129, 129) (129, 129) 0.796176739927 0.932508104922
12_Ding_11.pdb (129, 129) (129, 129) 0.825915750916 0.947244326555
12_Ding_12.pdb (129, 129) (129, 129) 0.788713369963 0.937223695844
12_Ding_2.pdb (129, 129) (129, 129) 0.760370879121 0.923519009726
12_Ding_3.pdb (129, 129) (129, 129) 0.788232600733 0.936339522546
12_Ding_4.pdb (129, 129) (129, 129) 0.782451923077 0.93339227822
12_Ding_5.pdb (129, 129) (129, 129) 0.78195970696 0.929413498379
12_Ding_6.pdb (129, 129) (129, 129) 0.78176510989 0.93059239611
12_Ding_7.pdb (129, 129) (129, 129) 0.791185897436 0.938697318008
12_Ding_8.pdb (129, 129) (129, 129) 0.818383699634 0.944149720012
12_Ding_9.pdb (129, 129) (129, 129) 0.787385531136 0.933244916004
12_Kevin_1.pdb (129, 129) (129, 129) 0.760061813187 0.926024167403
12_Kevin_2.pdb (129, 129) (129, 129) 0.769929029304 0.925729442971
12_Kevin_3.pdb (129, 129) (129, 129) 0.746806318681 0.935455349248
12_ORISolution_0.pdb (129, 129) (129, 129) 0.990253153358 0.996884735202
TPP_FL_sln.out.1.pdb (129, 129) (129, 129) 0.701968252709 0.811694152924
TPP_FL_sln.out.2.pdb (129, 129) (129, 129) 0.665229619464 0.810494752624
TPP_FL_sln.out.3.pdb (129, 129) (129, 129) 0.683577595289 0.828785607196
TPP_FL_sln.out.4.pdb (129, 129) (129, 129) 0.691863685808 0.819340329835
TPP_FL_sln.out.5.pdb (129, 129) (129, 129) 0.691070769991 0.816341829085
0.771691089738
0.0472947835057
14_AdamiakPostExp_1.pdb (61, 61) (61, 61) 0.815437888537 0.908521303258
14_AdamiakPostExp_2.pdb (61, 61) (61, 61) 0.77963791035 0.919172932331
14_AdamiakPreExp_1.pdb (61, 61) (61, 61) 0.820516141346 0.910401002506
14_AdamiakPreExp_2.pdb (61, 61) (61, 61) 0.798376322391 0.90664160401
14_BujnickiPostExp_1.pdb (61, 61) (61, 61) 0.809914559654 0.922565033273
14_BujnickiPostExp_2.pdb (61, 61) (61, 61) 0.771621046934 0.924379915306
14_BujnickiPostExp_3.pdb (61, 61) (61, 61) 0.750985850151 0.895341802783
14_BujnickiPostExp_4.pdb (61, 61) (61, 61) 0.750502590273 0.880822746521
14_BujnickiPostExp_5.pdb (61, 61) (61, 61) 0.801457511792 0.914700544465
14_BujnickiPreExp_4.pdb (61, 61) (61, 61) 0.84654815138 0.948621553885
14_BujnickiPreExp_5.pdb (61, 61) (61, 61) 0.840917766387 0.949248120301
14_BujnickiPreExp_6.pdb (61, 61) (61, 61) 0.860478040671 0.924984875983
14_BujnickiPreExp_7.pdb (61, 61) (61, 61) 0.750048325988 0.886872353297
14_ChenPostExp_1.pdb (61, 61) (61, 61) 0.776675945256 0.898971566848
14_ChenPostExp_10.pdb (61, 61) (61, 61) 0.837827650197 0.943738656987
14_ChenPostExp_2.pdb (61, 61) (61, 61) 0.852064486198 0.94797338173
14_ChenPostExp_3.pdb (61, 61) (61, 61) 0.812016740122 0.936479128857
14_ChenPostExp_4.pdb (61, 61) (61, 61) 0.818825871801 0.924379915306
14_ChenPostExp_5.pdb (61, 61) (61, 61) 0.815723343385 0.939503932244
14_ChenPostExp_6.pdb (61, 61) (61, 61) 0.808658083971 0.934059286146
14_ChenPostExp_7.pdb (61, 61) (61, 61) 0.790473014768 0.919540229885
14_ChenPostExp_8.pdb (61, 61) (61, 61) 0.861898824712 0.94797338173
14_ChenPostExp_9.pdb (61, 61) (61, 61) 0.823590814196 0.939503932244
14_DasPostExp_1.pdb (61, 61) (61, 61) 0.826316399907 0.903206291591
14_DasPostExp_10.pdb (61, 61) (61, 61) 0.893595840099 0.944948578342
14_DasPostExp_2.pdb (61, 61) (61, 61) 0.877363140803 0.920145190563
14_DasPostExp_3.pdb (61, 61) (61, 61) 0.843336812804 0.912280701754
14_DasPostExp_4.pdb (61, 61) (61, 61) 0.930043300085 0.946763460375
14_DasPostExp_5.pdb (61, 61) (61, 61) 0.882823977422 0.936479128857
14_DasPostExp_6.pdb (61, 61) (61, 61) 0.914429173432 0.95039322444
14_DasPostExp_7.pdb (61, 61) (61, 61) 0.876348295059 0.938898971567
14_DasPostExp_8.pdb (61, 61) (61, 61) 0.841050993582 0.932244404114
14_DasPostExp_9.pdb (61, 61) (61, 61) 0.799021882007 0.910465819722
14_DasPreExp_1.pdb (61, 61) (61, 61) 0.914429173432 0.95039322444
14_DasPreExp_10.pdb (61, 61) (61, 61) 0.799021882007 0.910465819722
14_DasPreExp_2.pdb (61, 61) (61, 61) 0.876348295059 0.938898971567
14_DasPreExp_3.pdb (61, 61) (61, 61) 0.841050993582 0.932244404114
14_DasPreExp_4.pdb (61, 61) (61, 61) 0.814621510864 0.896551724138
14_DasPreExp_5.pdb (61, 61) (61, 61) 0.893595840099 0.944948578342
14_DasPreExp_6.pdb (61, 61) (61, 61) 0.869766295523 0.94797338173
14_DasPreExp_7.pdb (61, 61) (61, 61) 0.862217776231 0.928009679371
14_DasPreExp_8.pdb (61, 61) (61, 61) 0.874850189438 0.94313369631
14_DasPreExp_9.pdb (61, 61) (61, 61) 0.856452485889 0.941923774955
14_DingPostExp_1.pdb (61, 61) (61, 61) 0.86245940617 0.935269207502
14_DingPostExp_10.pdb (61, 61) (61, 61) 0.81649655919 0.913490623109
14_DingPostExp_2.pdb (61, 61) (61, 61) 0.811895925153 0.932849364791
14_DingPostExp_3.pdb (61, 61) (61, 61) 0.812456506611 0.920145190563
14_DingPostExp_4.pdb (61, 61) (61, 61) 0.822063712982 0.92316999395
14_DingPostExp_5.pdb (61, 61) (61, 61) 0.792546199644 0.912885662432
14_DingPostExp_6.pdb (61, 61) (61, 61) 0.794648380113 0.926799758016
14_DingPostExp_7.pdb (61, 61) (61, 61) 0.810368823939 0.916515426497
14_DingPostExp_8.pdb (61, 61) (61, 61) 0.804149269311 0.936479128857
14_DingPostExp_9.pdb (61, 61) (61, 61) 0.842321967061 0.931034482759
14_DingPreExp_1.pdb (61, 61) (61, 61) 0.827978813887 0.933454325469
14_DingPreExp_2.pdb (61, 61) (61, 61) 0.813621162917 0.925589836661
14_DingPreExp_3.pdb (61, 61) (61, 61) 0.824620157736 0.931034482759
14_DingPreExp_4.pdb (61, 61) (61, 61) 0.806101639218 0.926194797338
14_DingPreExp_5.pdb (61, 61) (61, 61) 0.781320072682 0.910465819722
14_DingPreExp_6.pdb (61, 61) (61, 61) 0.785026675945 0.913490623109
14_DingPreExp_7.pdb (61, 61) (61, 61) 0.824272210624 0.930429522081
14_DingPreExp_8.pdb (61, 61) (61, 61) 0.788399829893 0.926194797338
0.827895548375
0.0400856927999
15_3dRNAAS2_1.pdb (68, 68) (68, 68) 0.706070370686 0.855477855478
15_3dRNAAS2_10.pdb (68, 68) (68, 68) 0.706349544332 0.855944055944
15_3dRNAAS2_2.pdb (68, 68) (68, 68) 0.706628717978 0.85641025641
15_3dRNAAS2_3.pdb (68, 68) (68, 68) 0.706628717978 0.85641025641
15_3dRNAAS2_4.pdb (68, 68) (68, 68) 0.70579119704 0.855011655012
15_3dRNAAS2_5.pdb (68, 68) (68, 68) 0.706628717978 0.85641025641
15_3dRNAAS2_6.pdb (68, 68) (68, 68) 0.706628717978 0.85641025641
15_3dRNAAS2_7.pdb (68, 68) (68, 68) 0.706070370686 0.855477855478
15_3dRNAAS2_8.pdb (68, 68) (68, 68) 0.704937114953 0.855477855478
15_3dRNAAS2_9.pdb (68, 68) (68, 68) 0.706349544332 0.855944055944
15_Chen_1.pdb (68, 68) (68, 68) 0.810228165309 0.898834498834
15_Chen_10.pdb (68, 68) (68, 68) 0.782850220973 0.887179487179
15_Chen_2.pdb (68, 68) (68, 68) 0.770696703858 0.883916083916
15_Chen_3.pdb (68, 68) (68, 68) 0.853864425707 0.93006993007
15_Chen_4.pdb (68, 68) (68, 68) 0.781059251058 0.897435897436
15_Chen_5.pdb (68, 68) (68, 68) 0.79299983912 0.892773892774
15_Chen_6.pdb (68, 68) (68, 68) 0.845406410584 0.925407925408
15_Chen_7.pdb (68, 68) (68, 68) 0.810803073749 0.897902097902
15_Chen_8.pdb (68, 68) (68, 68) 0.782703536515 0.871794871795
15_Chen_9.pdb (68, 68) (68, 68) 0.736027122429 0.863869463869
15_RNAComposerAS1_1.pdb (68, 68) (68, 68) 0.894891122278 0.936130536131
15_RNAComposerAS1_2.pdb (68, 68) (68, 68) 0.887270628093 0.932867132867
15_RNAComposerAS2_1.pdb (68, 68) (68, 68) 0.87091294514 0.924475524476
15_RNAComposerAS2_2.pdb (68, 68) (68, 68) 0.846326737264 0.917482517483
15_RW2DAS1_1.pdb (68, 68) (68, 68) 0.745750901616 0.852555404794
15_RW2DAS1_10.pdb (68, 68) (68, 68) 0.767721396874 0.885572139303
15_RW2DAS1_2.pdb (68, 68) (68, 68) 0.794191068434 0.874717322479
15_RW2DAS1_3.pdb (68, 68) (68, 68) 0.785019071224 0.886928991407
15_RW2DAS1_4.pdb (68, 68) (68, 68) 0.769440033245 0.877431026685
15_RW2DAS1_5.pdb (68, 68) (68, 68) 0.792649787026 0.894165535957
15_RW2DAS1_6.pdb (68, 68) (68, 68) 0.761778150462 0.87381275441
15_RW2DAS1_7.pdb (68, 68) (68, 68) 0.779841642055 0.881953867028
15_RW2DAS1_8.pdb (68, 68) (68, 68) 0.745293043827 0.87381275441
15_RW2DAS1_9.pdb (68, 68) (68, 68) 0.785654283976 0.87697874265
15_RW2DAS2_1.pdb (68, 68) (68, 68) 0.809390166075 0.896426956128
15_RW2DAS2_10.pdb (68, 68) (68, 68) 0.822547084403 0.900045228403
15_RW2DAS2_2.pdb (68, 68) (68, 68) 0.773534038795 0.880597014925
15_RW2DAS2_3.pdb (68, 68) (68, 68) 0.748892088039 0.870646766169
15_RW2DAS2_4.pdb (68, 68) (68, 68) 0.776784309651 0.886024423338
15_RW2DAS2_5.pdb (68, 68) (68, 68) 0.799592603037 0.885572139303
15_RW2DAS2_6.pdb (68, 68) (68, 68) 0.770492289883 0.882858435097
15_RW2DAS2_7.pdb (68, 68) (68, 68) 0.777674794817 0.878335594754
15_RW2DAS2_8.pdb (68, 68) (68, 68) 0.748745900058 0.855721393035
15_RW2DAS2_9.pdb (68, 68) (68, 68) 0.78363362472 0.88828584351
15_SimRNAAS1_1.pdb (68, 68) (68, 68) 0.821338992861 0.912709181366
15_SimRNAAS1_10.pdb (68, 68) (68, 68) 0.7067283575 0.853459972863
15_SimRNAAS1_2.pdb (68, 68) (68, 68) 0.685174906128 0.835820895522
15_SimRNAAS1_3.pdb (68, 68) (68, 68) 0.699654936998 0.845318860244
15_SimRNAAS1_4.pdb (68, 68) (68, 68) 0.696420249633 0.838082315694
15_SimRNAAS1_5.pdb (68, 68) (68, 68) 0.695862954333 0.838986883763
15_SimRNAAS1_6.pdb (68, 68) (68, 68) 0.687967319194 0.86250565355
15_SimRNAAS1_7.pdb (68, 68) (68, 68) 0.741136704314 0.877883310719
15_SimRNAAS1_8.pdb (68, 68) (68, 68) 0.725464165393 0.879240162822
15_SimRNAAS1_9.pdb (68, 68) (68, 68) 0.695831787352 0.842605156038
15_SimRNAAS2_1.pdb (68, 68) (68, 68) 0.770143516526 0.89145183175
15_SimRNAAS2_10.pdb (68, 68) (68, 68) 0.727708930082 0.87381275441
15_SimRNAAS2_2.pdb (68, 68) (68, 68) 0.726625506463 0.872003618272
15_SimRNAAS2_3.pdb (68, 68) (68, 68) 0.682768369967 0.828132066938
15_SimRNAAS2_4.pdb (68, 68) (68, 68) 0.78486323632 0.905020352782
15_SimRNAAS2_5.pdb (68, 68) (68, 68) 0.718530996304 0.854816824966
15_SimRNAAS2_6.pdb (68, 68) (68, 68) 0.706473085086 0.851198552691
15_SimRNAAS2_7.pdb (68, 68) (68, 68) 0.777789815818 0.896879240163
15_SimRNAAS2_8.pdb (68, 68) (68, 68) 0.705644933881 0.851650836725
15_SimRNAAS2_9.pdb (68, 68) (68, 68) 0.768325442645 0.879240162822
0.759237557516
0.0520267379349
17_Adamiak_1.pdb (58, 58) (58, 58) 0.753922406042 0.890350877193
17_Adamiak_2.pdb (58, 58) (58, 58) 0.754265195109 0.885964912281
17_Adamiak_3.pdb (58, 58) (58, 58) 0.755018207157 0.887218045113
17_Bujnicki_1.pdb (58, 58) (58, 58) 0.748803272199 0.869933454325
17_Bujnicki_10.pdb (58, 58) (58, 58) 0.747694946563 0.880217785844
17_Bujnicki_2.pdb (58, 58) (58, 58) 0.747694946563 0.880217785844
17_Bujnicki_3.pdb (58, 58) (58, 58) 0.75751946167 0.879612825166
17_Bujnicki_4.pdb (58, 58) (58, 58) 0.758241192769 0.883242589232
17_Bujnicki_5.pdb (58, 58) (58, 58) 0.722276025861 0.849969751966
17_Bujnicki_6.pdb (58, 58) (58, 58) 0.71789418129 0.859649122807
17_Bujnicki_7.pdb (58, 58) (58, 58) 0.761334517173 0.885338345865
17_Bujnicki_8.pdb (58, 58) (58, 58) 0.750910357849 0.885338345865
17_Bujnicki_9.pdb (58, 58) (58, 58) 0.748803272199 0.869933454325
17_Chen_1.pdb (58, 58) (58, 58) 0.723739279588 0.845130066546
17_Chen_10.pdb (58, 58) (58, 58) 0.703532413235 0.870927318296
17_Chen_2.pdb (58, 58) (58, 58) 0.764788230637 0.884452510587
17_Chen_3.pdb (58, 58) (58, 58) 0.716440388419 0.852756892231
17_Chen_4.pdb (58, 58) (58, 58) 0.757180366803 0.864488808227
17_Chen_5.pdb (58, 58) (58, 58) 0.799361393324 0.879007864489
17_Chen_6.pdb (58, 58) (58, 58) 0.714273650877 0.848759830611
17_Chen_7.pdb (58, 58) (58, 58) 0.71046686747 0.850250626566
17_Chen_8.pdb (58, 58) (58, 58) 0.68951739795 0.835213032581
17_Chen_9.pdb (58, 58) (58, 58) 0.732830188679 0.848154869933
17_DasExtraInfo_1.pdb (58, 58) (58, 58) 0.761163741918 0.875983061101
17_DasExtraInfo_2.pdb (58, 58) (58, 58) 0.766634120596 0.868118572293
17_DasExtraInfo_3.pdb (58, 58) (58, 58) 0.773910806175 0.868118572293
17_Das_1.pdb (58, 58) (58, 58) 0.830569996042 0.928614640048
17_Das_10.pdb (58, 58) (58, 58) 0.727000923605 0.852994555354
17_Das_2.pdb (58, 58) (58, 58) 0.780777147381 0.896551724138
17_Das_3.pdb (58, 58) (58, 58) 0.736426969257 0.873563218391
17_Das_4.pdb (58, 58) (58, 58) 0.826945507323 0.920145190563
17_Das_5.pdb (58, 58) (58, 58) 0.731702071513 0.870538415003
17_Das_6.pdb (58, 58) (58, 58) 0.789150283679 0.89352692075
17_Das_7.pdb (58, 58) (58, 58) 0.7844016361 0.905021173624
17_Das_8.pdb (58, 58) (58, 58) 0.825490170207 0.920145190563
17_Das_9.pdb (58, 58) (58, 58) 0.793879139728 0.894131881428
17_Ding_1.pdb (58, 58) (58, 58) 0.719680696662 0.879612825166
17_Ding_10.pdb (58, 58) (58, 58) 0.707683071645 0.874168179068
17_Ding_2.pdb (58, 58) (58, 58) 0.707690988257 0.869328493648
17_Ding_3.pdb (58, 58) (58, 58) 0.725502045125 0.879612825166
17_Ding_4.pdb (58, 58) (58, 58) 0.741143950389 0.881427707199
17_Ding_5.pdb (58, 58) (58, 58) 0.730585829265 0.885662431942
17_Ding_6.pdb (58, 58) (58, 58) 0.686969257158 0.859044162129
17_Ding_7.pdb (58, 58) (58, 58) 0.684425385935 0.857229280097
17_Ding_8.pdb (58, 58) (58, 58) 0.70622773453 0.874168179068
17_Ding_9.pdb (58, 58) (58, 58) 0.702974007125 0.86146400484
17_Dohkolyan_1.pdb (58, 58) (58, 58) 0.721514711703 0.870538415003
17_Dohkolyan_2.pdb (58, 58) (58, 58) 0.718253067687 0.862673926195
17_Dohkolyan_3.pdb (58, 58) (58, 58) 0.735697321546 0.874773139746
17_Major_1.pdb (58, 58) (58, 58) 0.701189084697 0.854636591479
17_Major_10.pdb (58, 58) (58, 58) 0.727960348858 0.84962406015
17_Major_2.pdb (58, 58) (58, 58) 0.697131810825 0.860275689223
17_Major_3.pdb (58, 58) (58, 58) 0.710652310735 0.877819548872
17_Major_4.pdb (58, 58) (58, 58) 0.701239660133 0.862155388471
17_Major_5.pdb (58, 58) (58, 58) 0.73110726488 0.874686716792
17_Major_6.pdb (58, 58) (58, 58) 0.696536144578 0.827067669173
17_Major_7.pdb (58, 58) (58, 58) 0.696654153929 0.844611528822
17_Major_8.pdb (58, 58) (58, 58) 0.720171731703 0.854010025063
17_Major_9.pdb (58, 58) (58, 58) 0.74784773422 0.872807017544
17_Xiao_1.pdb (58, 58) (58, 58) 0.753529041539 0.887218045113
17_Xiao_10.pdb (58, 58) (58, 58) 0.727684993706 0.864035087719
17_Xiao_2.pdb (58, 58) (58, 58) 0.704133698975 0.84962406015
17_Xiao_3.pdb (58, 58) (58, 58) 0.738553092969 0.874686716792
17_Xiao_4.pdb (58, 58) (58, 58) 0.69780053048 0.848997493734
17_Xiao_5.pdb (58, 58) (58, 58) 0.728044641252 0.862155388471
17_Xiao_6.pdb (58, 58) (58, 58) 0.716507822334 0.862781954887
17_Xiao_7.pdb (58, 58) (58, 58) 0.763149613379 0.878446115288
17_Xiao_8.pdb (58, 58) (58, 58) 0.730354252832 0.87343358396
17_Xiao_9.pdb (58, 58) (58, 58) 0.762070670743 0.884085213033
0.737756918011
0.0330305611094
18_3dRNA_1.pdb (71, 71) (71, 71) 0.769988890613 0.890945674044
18_3dRNA_2.pdb (71, 71) (71, 71) 0.778192224415 0.903018108652
18_3dRNA_3.pdb (71, 71) (71, 71) 0.77044028643 0.90060362173
18_3dRNA_4.pdb (71, 71) (71, 71) 0.827049509438 0.917907444668
18_3dRNA_5.pdb (71, 71) (71, 71) 0.754961659067 0.886921529175
18_Chen_1.pdb (71, 71) (71, 71) 0.881400521722 0.954527162978
18_Chen_2.pdb (71, 71) (71, 71) 0.881563713935 0.9476861167
18_Chen_3.pdb (71, 71) (71, 71) 0.873084492922 0.931589537223
18_Chen_4.pdb (71, 71) (71, 71) 0.845827082764 0.933601609658
18_Chen_5.pdb (71, 71) (71, 71) 0.774077933211 0.901408450704
18_Dokholyan_1.pdb (71, 71) (71, 71) 0.796016508894 0.917102615694
18_Dokholyan_2.pdb (71, 71) (71, 71) 0.811407689863 0.91106639839
18_Dokholyan_3.pdb (71, 71) (71, 71) 0.809162411353 0.909054325956
18_Feng_1.pdb (71, 71) (71, 71) 0.785780970187 0.912273641851
18_Feng_2.pdb (71, 71) (71, 71) 0.737061628769 0.89939637827
18_Feng_3.pdb (71, 71) (71, 71) 0.768571273737 0.901006036217
18_Feng_4.pdb (71, 71) (71, 71) 0.701137172599 0.867203219316
18_Feng_5.pdb (71, 71) (71, 71) 0.751060441469 0.894567404427
18_LeeASmodel_1.pdb (71, 71) (71, 71) 0.747836625505 0.899798792757
18_LeeASmodel_2.pdb (71, 71) (71, 71) 0.749567694593 0.897384305835
18_LeeASmodel_3.pdb (71, 71) (71, 71) 0.702541857263 0.87847082495
18_LeeASmodel_4.pdb (71, 71) (71, 71) 0.758975571665 0.89014084507
18_LeeASmodel_5.pdb (71, 71) (71, 71) 0.734804033865 0.88490945674
18_Lee_1.pdb (71, 71) (71, 71) 0.742693915455 0.889336016097
18_Lee_2.pdb (71, 71) (71, 71) 0.761496737387 0.896177062374
18_Lee_3.pdb (71, 71) (71, 71) 0.709578828612 0.87967806841
18_Lee_4.pdb (71, 71) (71, 71) 0.75234011474 0.882494969819
18_Lee_5.pdb (71, 71) (71, 71) 0.74340888209 0.890543259557
18_RNAComposer_1.pdb (71, 71) (71, 71) 0.759213893877 0.890543259557
18_RNAComposer_2.pdb (71, 71) (71, 71) 0.747510856901 0.87967806841
18_RNAComposer_3.pdb (71, 71) (71, 71) 0.770227212825 0.891348088531
18_RNAComposer_4.pdb (71, 71) (71, 71) 0.762713597052 0.889336016097
18_RNAComposer_5.pdb (71, 71) (71, 71) 0.733060648384 0.874849094567
18_RW3D_1.pdb (71, 71) (71, 71) 0.786082106005 0.907444668008
18_RW3D_10.pdb (71, 71) (71, 71) 0.815923495491 0.906237424547
18_RW3D_2.pdb (71, 71) (71, 71) 0.811269746258 0.909054325956
18_RW3D_3.pdb (71, 71) (71, 71) 0.811783955681 0.913480885312
18_RW3D_4.pdb (71, 71) (71, 71) 0.813954104192 0.908249496982
18_RW3D_5.pdb (71, 71) (71, 71) 0.794109931201 0.913883299799
18_RW3D_6.pdb (71, 71) (71, 71) 0.837548618963 0.914285714286
18_RW3D_7.pdb (71, 71) (71, 71) 0.791651579085 0.902615694165
18_RW3D_8.pdb (71, 71) (71, 71) 0.771456388883 0.896981891348
18_RW3D_9.pdb (71, 71) (71, 71) 0.749078733776 0.884104627767
18_Rhiju_1.pdb (71, 71) (71, 71) 0.914402913566 0.953319919517
18_Rhiju_2.pdb (71, 71) (71, 71) 0.9171248365 0.956136820926
18_Rhiju_3.pdb (71, 71) (71, 71) 0.90216041856 0.946881287726
18_Rhiju_4.pdb (71, 71) (71, 71) 0.893016112306 0.945674044266
18_Rhiju_5.pdb (71, 71) (71, 71) 0.907905400246 0.9476861167
18_YagoubAli_1.pdb (71, 71) (71, 71) 0.736677030491 0.886542443064
18_simRNA_1.pdb (71, 71) (71, 71) 0.700760906782 0.864788732394
18_simRNA_2.pdb (71, 71) (71, 71) 0.795489983077 0.900201207243
18_simRNA_3.pdb (71, 71) (71, 71) 0.760066804118 0.893762575453
TPP2.out.1.pdb (71, 71) (71, 71) 0.761400207276 0.88281573499
TPP2.out.2.pdb (71, 71) (71, 71) 0.760118365788 0.87701863354
TPP2.out.3.pdb (71, 71) (71, 71) 0.785796105384 0.889440993789
TPP2.out.4.pdb (71, 71) (71, 71) 0.784132438772 0.890269151139
TPP2.out.5.pdb (71, 71) (71, 71) 0.779032346043 0.885300207039
TPP_FL_sln.out.1.pdb (71, 71) (71, 71) 0.777423225877 0.889855072464
TPP_FL_sln.out.2.pdb (71, 71) (71, 71) 0.77987781596 0.893995859213
TPP_FL_sln.out.3.pdb (71, 71) (71, 71) 0.76905034637 0.890269151139
TPP_FL_sln.out.4.pdb (71, 71) (71, 71) 0.767768504882 0.884472049689
TPP_FL_sln.out.5.pdb (71, 71) (71, 71) 0.772091310751 0.893581780538
0.786127558288
0.0521806778318
19_3dRNA_1.pdb (62, 62) (62, 62) 0.743040399631 0.866101694915
19_3dRNA_2.pdb (62, 62) (62, 62) 0.779050875406 0.875141242938
19_3dRNA_3.pdb (62, 62) (62, 62) 0.744155875649 0.864406779661
19_3dRNA_4.pdb (62, 62) (62, 62) 0.765737911635 0.871186440678
19_3dRNA_5.pdb (62, 62) (62, 62) 0.742397788448 0.861581920904
19_Bujnicki_Human_1.pdb (62, 62) (62, 62) 0.775401328871 0.897175141243
19_Bujnicki_Human_2.pdb (62, 62) (62, 62) 0.817631795916 0.902259887006
19_Bujnicki_Human_3.pdb (62, 62) (62, 62) 0.77098186139 0.881355932203
19_Bujnicki_Human_4.pdb (62, 62) (62, 62) 0.744677239439 0.875706214689
19_Bujnicki_Human_5.pdb (62, 62) (62, 62) 0.717148018818 0.857627118644
19_Chen_Human_1.pdb (62, 62) (62, 62) 0.871877879626 0.923163841808
19_Chen_Human_2.pdb (62, 62) (62, 62) 0.823700227945 0.906779661017
19_Chen_Human_3.pdb (62, 62) (62, 62) 0.772891507833 0.875706214689
19_Chen_Human_4.pdb (62, 62) (62, 62) 0.754383093263 0.879096045198
19_Chen_Human_5.pdb (62, 62) (62, 62) 0.684114166545 0.823728813559
19_Das_Human_1.pdb (62, 62) (62, 62) 0.775274019109 0.86384180791
19_Das_Human_2.pdb (62, 62) (62, 62) 0.793097385906 0.878531073446
19_Das_Human_3.pdb (62, 62) (62, 62) 0.77204883845 0.862146892655
19_Das_Human_4.pdb (62, 62) (62, 62) 0.805416121053 0.877401129944
19_Das_Human_5.pdb (62, 62) (62, 62) 0.796874242204 0.889830508475
19_Ding_Human_1.pdb (62, 62) (62, 62) 0.737172025801 0.870621468927
19_Ding_Human_2.pdb (62, 62) (62, 62) 0.74643532664 0.878531073446
19_Ding_Human_3.pdb (62, 62) (62, 62) 0.736086861632 0.870621468927
19_Ding_Human_4.pdb (62, 62) (62, 62) 0.73720233765 0.868926553672
19_Ding_Human_5.pdb (62, 62) (62, 62) 0.722422280421 0.866101694915
19_Dokholyan_1.pdb (62, 62) (62, 62) 0.725847519278 0.876836158192
19_LeeServer_1.pdb (62, 62) (62, 62) 0.686824045783 0.854237288136
19_LeeServer_2.pdb (62, 62) (62, 62) 0.700670498084 0.848587570621
19_LeeServer_3.pdb (62, 62) (62, 62) 0.678033609777 0.84011299435
19_LeeServer_4.pdb (62, 62) (62, 62) 0.70696930016 0.860451977401
19_LeeServer_5.pdb (62, 62) (62, 62) 0.712043503565 0.85988700565
19_RNAComposer_1.pdb (62, 62) (62, 62) 0.791921286192 0.883615819209
19_RNAComposer_2.pdb (62, 62) (62, 62) 0.821269217712 0.901129943503
19_RNAComposer_3.pdb (62, 62) (62, 62) 0.807162083515 0.901129943503
19_RNAComposer_4.pdb (62, 62) (62, 62) 0.815170473835 0.898305084746
19_RNAComposer_5.pdb (62, 62) (62, 62) 0.821008535816 0.895480225989
19_RNAComposer_Human_1.pdb (62, 62) (62, 62) 0.802148503807 0.898305084746
19_RNAComposer_Human_2.pdb (62, 62) (62, 62) 0.755007517338 0.864406779661
19_RNAComposer_Human_3.pdb (62, 62) (62, 62) 0.732643435666 0.840677966102
19_RNAComposer_Human_4.pdb (62, 62) (62, 62) 0.764683059314 0.869491525424
19_RNAComposer_Human_5.pdb (62, 62) (62, 62) 0.786174159756 0.881355932203
19_RW3D_1.pdb (62, 62) (62, 62) 0.710788593045 0.849152542373
19_RW3D_10.pdb (62, 62) (62, 62) 0.696251030603 0.832768361582
19_RW3D_2.pdb (62, 62) (62, 62) 0.707884717979 0.849717514124
19_RW3D_3.pdb (62, 62) (62, 62) 0.69701488918 0.830508474576
19_RW3D_4.pdb (62, 62) (62, 62) 0.704550414666 0.833898305085
19_RW3D_5.pdb (62, 62) (62, 62) 0.707242106795 0.845197740113
19_RW3D_6.pdb (62, 62) (62, 62) 0.69985814055 0.833333333333
19_RW3D_7.pdb (62, 62) (62, 62) 0.698391047092 0.834463276836
19_RW3D_8.pdb (62, 62) (62, 62) 0.683119937921 0.818644067797
19_RW3D_9.pdb (62, 62) (62, 62) 0.693698772976 0.833898305085
19_simRNA_1.pdb (62, 62) (62, 62) 0.778135457588 0.885875706215
19_simRNA_2.pdb (62, 62) (62, 62) 0.743925505602 0.857062146893
19_simRNA_3.pdb (62, 62) (62, 62) 0.726835685533 0.841807909605
0.749712823304
0.0449774532627
3_deepLearning_1.pdb (62, 62) (62, 62) 0.818 0.918
4_deepLearning_1.pdb (62, 62) (62, 62) 0.831 0.945
6_deepLearning_1.pdb (62, 62) (62, 62) 0.760 0.942
7_deepLearning_1.pdb (62, 62) (62, 62) 0.823 0.956
8_deepLearning_1.pdb (62, 62) (62, 62) 0.781 0.910
12_deepLearning_1.pdb (62, 62) (62, 62) 0.791 0.924
14_deepLearning_1.pdb (62, 62) (62, 62) 0.851 0.909
15_deepLearning_1.pdb (62, 62) (62, 62) 0.774 0.893
17_deepLearning_1.pdb (62, 62) (62, 62) 0.720 0.846
18_deepLearning_1.pdb (62, 62) (62, 62) 0.786 0.898
19_deepLearning_1.pdb (62, 62) (62, 62) 0.691 0.849

