60 0.685742667878
60 0.770232726152
60 0.720755178037
60 0.692058837591
60 0.744460735098
60 0.76018475726
60 0.667049142881
60 0.715448320558
60 0.645399395475
60 0.750452862463
60 0.748962798876
60 0.748962798876
60 0.702162584264
60 0.700529092097
60 0.69957290156
60 0.719451040388
60 0.710478785851
60 0.72063565422
60 0.674693355007
60 0.674693355007
60 0.720396606586
60 0.746266872779
60 0.700683145017
60 0.696343102413
60 0.700542372521
60 0.732173686699
60 0.670507365323
60 0.76018475726
60 0.702454753595
60 0.685251292185
60 0.716840109006
60 0.733695623303
60 0.691123895733
60 0.707424288302
60 0.727801771077
60 0.708043156066
60 0.727801771077
60 0.742274777287
60 0.705814700898
60 0.696223578596
60 0.657686443874
60 0.695485187015
60 0.703758891244
60 0.761457021891
60 0.708260955022
60 0.697636615723
60 0.71897294512
60 0.717384606395
60 0.701649959893
60 0.72458259627
60 0.728617189119
60 0.713012690773
60 0.740535041727
60 0.639396643771
60 0.721233273306
60 0.707315388824
60 0.683957778876
60 0.671147481766
60 0.75890186829
60 0.761457021891
60 0.707793484093
0.712197011478
0.0290478202057
