14_AdamiakPostExp_1.pdb (61, 61) (61, 61) 0.815437888537 0.908521303258
14_AdamiakPostExp_2.pdb (61, 61) (61, 61) 0.77963791035 0.919172932331
14_AdamiakPreExp_1.pdb (61, 61) (61, 61) 0.820516141346 0.910401002506
14_AdamiakPreExp_2.pdb (61, 61) (61, 61) 0.798376322391 0.90664160401
14_BujnickiPostExp_1.pdb (61, 61) (61, 61) 0.809914559654 0.922565033273
14_BujnickiPostExp_2.pdb (61, 61) (61, 61) 0.771621046934 0.924379915306
14_BujnickiPostExp_3.pdb (61, 61) (61, 61) 0.750985850151 0.895341802783
14_BujnickiPostExp_4.pdb (61, 61) (61, 61) 0.750502590273 0.880822746521
14_BujnickiPostExp_5.pdb (61, 61) (61, 61) 0.801457511792 0.914700544465
14_BujnickiPreExp_4.pdb (61, 61) (61, 61) 0.84654815138 0.948621553885
14_BujnickiPreExp_5.pdb (61, 61) (61, 61) 0.840917766387 0.949248120301
14_BujnickiPreExp_6.pdb (61, 61) (61, 61) 0.860478040671 0.924984875983
14_BujnickiPreExp_7.pdb (61, 61) (61, 61) 0.750048325988 0.886872353297
14_ChenPostExp_1.pdb (61, 61) (61, 61) 0.776675945256 0.898971566848
14_ChenPostExp_10.pdb (61, 61) (61, 61) 0.837827650197 0.943738656987
14_ChenPostExp_2.pdb (61, 61) (61, 61) 0.852064486198 0.94797338173
14_ChenPostExp_3.pdb (61, 61) (61, 61) 0.812016740122 0.936479128857
14_ChenPostExp_4.pdb (61, 61) (61, 61) 0.818825871801 0.924379915306
14_ChenPostExp_5.pdb (61, 61) (61, 61) 0.815723343385 0.939503932244
14_ChenPostExp_6.pdb (61, 61) (61, 61) 0.808658083971 0.934059286146
14_ChenPostExp_7.pdb (61, 61) (61, 61) 0.790473014768 0.919540229885
14_ChenPostExp_8.pdb (61, 61) (61, 61) 0.861898824712 0.94797338173
14_ChenPostExp_9.pdb (61, 61) (61, 61) 0.823590814196 0.939503932244
14_DasPostExp_1.pdb (61, 61) (61, 61) 0.826316399907 0.903206291591
14_DasPostExp_10.pdb (61, 61) (61, 61) 0.893595840099 0.944948578342
14_DasPostExp_2.pdb (61, 61) (61, 61) 0.877363140803 0.920145190563
14_DasPostExp_3.pdb (61, 61) (61, 61) 0.843336812804 0.912280701754
14_DasPostExp_4.pdb (61, 61) (61, 61) 0.930043300085 0.946763460375
14_DasPostExp_5.pdb (61, 61) (61, 61) 0.882823977422 0.936479128857
14_DasPostExp_6.pdb (61, 61) (61, 61) 0.914429173432 0.95039322444
14_DasPostExp_7.pdb (61, 61) (61, 61) 0.876348295059 0.938898971567
14_DasPostExp_8.pdb (61, 61) (61, 61) 0.841050993582 0.932244404114
14_DasPostExp_9.pdb (61, 61) (61, 61) 0.799021882007 0.910465819722
14_DasPreExp_1.pdb (61, 61) (61, 61) 0.914429173432 0.95039322444
14_DasPreExp_10.pdb (61, 61) (61, 61) 0.799021882007 0.910465819722
14_DasPreExp_2.pdb (61, 61) (61, 61) 0.876348295059 0.938898971567
14_DasPreExp_3.pdb (61, 61) (61, 61) 0.841050993582 0.932244404114
14_DasPreExp_4.pdb (61, 61) (61, 61) 0.814621510864 0.896551724138
14_DasPreExp_5.pdb (61, 61) (61, 61) 0.893595840099 0.944948578342
14_DasPreExp_6.pdb (61, 61) (61, 61) 0.869766295523 0.94797338173
14_DasPreExp_7.pdb (61, 61) (61, 61) 0.862217776231 0.928009679371
14_DasPreExp_8.pdb (61, 61) (61, 61) 0.874850189438 0.94313369631
14_DasPreExp_9.pdb (61, 61) (61, 61) 0.856452485889 0.941923774955
14_DingPostExp_1.pdb (61, 61) (61, 61) 0.86245940617 0.935269207502
14_DingPostExp_10.pdb (61, 61) (61, 61) 0.81649655919 0.913490623109
14_DingPostExp_2.pdb (61, 61) (61, 61) 0.811895925153 0.932849364791
14_DingPostExp_3.pdb (61, 61) (61, 61) 0.812456506611 0.920145190563
14_DingPostExp_4.pdb (61, 61) (61, 61) 0.822063712982 0.92316999395
14_DingPostExp_5.pdb (61, 61) (61, 61) 0.792546199644 0.912885662432
14_DingPostExp_6.pdb (61, 61) (61, 61) 0.794648380113 0.926799758016
14_DingPostExp_7.pdb (61, 61) (61, 61) 0.810368823939 0.916515426497
14_DingPostExp_8.pdb (61, 61) (61, 61) 0.804149269311 0.936479128857
14_DingPostExp_9.pdb (61, 61) (61, 61) 0.842321967061 0.931034482759
14_DingPreExp_1.pdb (61, 61) (61, 61) 0.827978813887 0.933454325469
14_DingPreExp_2.pdb (61, 61) (61, 61) 0.813621162917 0.925589836661
14_DingPreExp_3.pdb (61, 61) (61, 61) 0.824620157736 0.931034482759
14_DingPreExp_4.pdb (61, 61) (61, 61) 0.806101639218 0.926194797338
14_DingPreExp_5.pdb (61, 61) (61, 61) 0.781320072682 0.910465819722
14_DingPreExp_6.pdb (61, 61) (61, 61) 0.785026675945 0.913490623109
14_DingPreExp_7.pdb (61, 61) (61, 61) 0.824272210624 0.930429522081
14_DingPreExp_8.pdb (61, 61) (61, 61) 0.788399829893 0.926194797338
0.827895548375
0.0400856927999
