7_Adamiak_1.pdb (184, 184) (184, 184) 0.793231671345 0.956759325255
7_Adamiak_2.pdb (184, 184) (184, 184) 0.781236033395 0.950819672131
7_Adamiak_3.pdb (184, 184) (184, 184) 0.79786188033 0.958184842005
7_Adamiak_4.pdb (184, 184) (184, 184) 0.799783685217 0.952363981943
7_Adamiak_5.pdb (184, 184) (184, 184) 0.809553604948 0.957234497505
7_Bujnicki_1.pdb (185, 185) (185, 185) 0.775915129282 0.968625146886
7_Bujnicki_2.pdb (185, 185) (185, 185) 0.755149338794 0.965687426557
7_Bujnicki_3.pdb (185, 185) (185, 185) 0.770183159398 0.960869565217
7_Bujnicki_4.pdb (185, 185) (185, 185) 0.790167441641 0.961280846063
7_Bujnicki_5.pdb (185, 185) (185, 185) 0.790167441641 0.961280846063
7_Bujnicki_6.pdb (185, 185) (185, 185) 0.767893918207 0.960693301998
7_Bujnicki_7.pdb (185, 185) (185, 185) 0.77441335547 0.959518213866
7_Chen_1.pdb (185, 185) (185, 185) 0.780043948261 0.961868390129
7_Chen_10.pdb (185, 185) (185, 185) 0.796208209592 0.965452408931
7_Chen_2.pdb (185, 185) (185, 185) 0.797816673459 0.964336075206
7_Chen_3.pdb (185, 185) (185, 185) 0.794699830473 0.963631022327
7_Chen_4.pdb (185, 185) (185, 185) 0.80628496325 0.962690951821
7_Chen_5.pdb (185, 185) (185, 185) 0.803477564503 0.962573443008
7_Chen_6.pdb (185, 185) (185, 185) 0.797746886962 0.963160987074
7_Chen_7.pdb (185, 185) (185, 185) 0.802928462523 0.962573443008
7_Chen_8.pdb (185, 185) (185, 185) 0.796718469499 0.964336075206
7_Chen_9.pdb (185, 185) (185, 185) 0.790994397264 0.957638072855
7_Das_1.pdb (184, 184) (185, 185) 0.80305522284 0.960679496317
7_Das_2.pdb (184, 184) (184, 184) 0.806000500563 0.955749584224
7_Das_3.pdb (184, 184) (184, 184) 0.803774782344 0.947315276788
7_Das_4.pdb (184, 184) (184, 184) 0.819922412714 0.960085531005
7_Das_5.pdb (184, 184) (184, 184) 0.809285446127 0.954621050131
7_Das_6.pdb (184, 184) (184, 184) 0.804673114397 0.955333808506
7_Das_8.pdb (184, 184) (184, 184) 0.799850724923 0.956699928724
7_Ding_1.pdb (185, 185) (185, 185) 0.748907755175 0.963219741481
7_Ding_10.pdb (185, 185) (185, 185) 0.74593773666 0.961750881316
7_Ding_2.pdb (185, 185) (185, 185) 0.739657310968 0.958166862515
7_Ding_3.pdb (185, 185) (185, 185) 0.737940864704 0.96116333725
7_Ding_4.pdb (185, 185) (185, 185) 0.743439782151 0.962220916569
7_Ding_5.pdb (185, 185) (185, 185) 0.767995295299 0.966098707403
7_Ding_6.pdb (185, 185) (185, 185) 0.752295200326 0.9633960047
7_Ding_7.pdb (185, 185) (185, 185) 0.752898293505 0.962455934195
7_Ding_8.pdb (185, 185) (185, 185) 0.752117431432 0.964101057579
7_Ding_9.pdb (185, 185) (185, 185) 0.755427192438 0.962044653349
7_Dokholyan_1.pdb (185, 185) (185, 185) 0.777043631494 0.964512338425
7_Dokholyan_2.pdb (185, 185) (185, 185) 0.748496933846 0.957226792009
7_Major_1.pdb (185, 185) (185, 185) 0.746453955703 0.949177438308
7_Major_10.pdb (185, 185) (185, 185) 0.749934234125 0.949529964747
7_Major_2.pdb (185, 185) (185, 185) 0.753886576553 0.951821386604
7_Major_3.pdb (185, 185) (185, 185) 0.749145474403 0.950117508813
7_Major_4.pdb (185, 185) (185, 185) 0.757861965756 0.953113983549
7_Major_5.pdb (185, 185) (185, 185) 0.759802920637 0.951586368978
7_Major_6.pdb (185, 185) (185, 185) 0.753793743282 0.951645123384
7_Major_7.pdb (185, 185) (185, 185) 0.76038296704 0.951645123384
7_Major_8.pdb (185, 185) (185, 185) 0.748426501178 0.951880141011
7_Major_9.pdb (185, 185) (185, 185) 0.753391465772 0.950881316099
0.77596618631
0.0237547175695
