17_Adamiak_1.pdb (58, 58) (58, 58) 0.753922406042 0.890350877193
17_Adamiak_2.pdb (58, 58) (58, 58) 0.754265195109 0.885964912281
17_Adamiak_3.pdb (58, 58) (58, 58) 0.755018207157 0.887218045113
17_Bujnicki_1.pdb (58, 58) (58, 58) 0.748803272199 0.869933454325
17_Bujnicki_10.pdb (58, 58) (58, 58) 0.747694946563 0.880217785844
17_Bujnicki_2.pdb (58, 58) (58, 58) 0.747694946563 0.880217785844
17_Bujnicki_3.pdb (58, 58) (58, 58) 0.75751946167 0.879612825166
17_Bujnicki_4.pdb (58, 58) (58, 58) 0.758241192769 0.883242589232
17_Bujnicki_5.pdb (58, 58) (58, 58) 0.722276025861 0.849969751966
17_Bujnicki_6.pdb (58, 58) (58, 58) 0.71789418129 0.859649122807
17_Bujnicki_7.pdb (58, 58) (58, 58) 0.761334517173 0.885338345865
17_Bujnicki_8.pdb (58, 58) (58, 58) 0.750910357849 0.885338345865
17_Bujnicki_9.pdb (58, 58) (58, 58) 0.748803272199 0.869933454325
17_Chen_1.pdb (58, 58) (58, 58) 0.723739279588 0.845130066546
17_Chen_10.pdb (58, 58) (58, 58) 0.703532413235 0.870927318296
17_Chen_2.pdb (58, 58) (58, 58) 0.764788230637 0.884452510587
17_Chen_3.pdb (58, 58) (58, 58) 0.716440388419 0.852756892231
17_Chen_4.pdb (58, 58) (58, 58) 0.757180366803 0.864488808227
17_Chen_5.pdb (58, 58) (58, 58) 0.799361393324 0.879007864489
17_Chen_6.pdb (58, 58) (58, 58) 0.714273650877 0.848759830611
17_Chen_7.pdb (58, 58) (58, 58) 0.71046686747 0.850250626566
17_Chen_8.pdb (58, 58) (58, 58) 0.68951739795 0.835213032581
17_Chen_9.pdb (58, 58) (58, 58) 0.732830188679 0.848154869933
17_DasExtraInfo_1.pdb (58, 58) (58, 58) 0.761163741918 0.875983061101
17_DasExtraInfo_2.pdb (58, 58) (58, 58) 0.766634120596 0.868118572293
17_DasExtraInfo_3.pdb (58, 58) (58, 58) 0.773910806175 0.868118572293
17_Das_1.pdb (58, 58) (58, 58) 0.830569996042 0.928614640048
17_Das_10.pdb (58, 58) (58, 58) 0.727000923605 0.852994555354
17_Das_2.pdb (58, 58) (58, 58) 0.780777147381 0.896551724138
17_Das_3.pdb (58, 58) (58, 58) 0.736426969257 0.873563218391
17_Das_4.pdb (58, 58) (58, 58) 0.826945507323 0.920145190563
17_Das_5.pdb (58, 58) (58, 58) 0.731702071513 0.870538415003
17_Das_6.pdb (58, 58) (58, 58) 0.789150283679 0.89352692075
17_Das_7.pdb (58, 58) (58, 58) 0.7844016361 0.905021173624
17_Das_8.pdb (58, 58) (58, 58) 0.825490170207 0.920145190563
17_Das_9.pdb (58, 58) (58, 58) 0.793879139728 0.894131881428
17_Ding_1.pdb (58, 58) (58, 58) 0.719680696662 0.879612825166
17_Ding_10.pdb (58, 58) (58, 58) 0.707683071645 0.874168179068
17_Ding_2.pdb (58, 58) (58, 58) 0.707690988257 0.869328493648
17_Ding_3.pdb (58, 58) (58, 58) 0.725502045125 0.879612825166
17_Ding_4.pdb (58, 58) (58, 58) 0.741143950389 0.881427707199
17_Ding_5.pdb (58, 58) (58, 58) 0.730585829265 0.885662431942
17_Ding_6.pdb (58, 58) (58, 58) 0.686969257158 0.859044162129
17_Ding_7.pdb (58, 58) (58, 58) 0.684425385935 0.857229280097
17_Ding_8.pdb (58, 58) (58, 58) 0.70622773453 0.874168179068
17_Ding_9.pdb (58, 58) (58, 58) 0.702974007125 0.86146400484
17_Dohkolyan_1.pdb (58, 58) (58, 58) 0.721514711703 0.870538415003
17_Dohkolyan_2.pdb (58, 58) (58, 58) 0.718253067687 0.862673926195
17_Dohkolyan_3.pdb (58, 58) (58, 58) 0.735697321546 0.874773139746
17_Major_1.pdb (58, 58) (58, 58) 0.701189084697 0.854636591479
17_Major_10.pdb (58, 58) (58, 58) 0.727960348858 0.84962406015
17_Major_2.pdb (58, 58) (58, 58) 0.697131810825 0.860275689223
17_Major_3.pdb (58, 58) (58, 58) 0.710652310735 0.877819548872
17_Major_4.pdb (58, 58) (58, 58) 0.701239660133 0.862155388471
17_Major_5.pdb (58, 58) (58, 58) 0.73110726488 0.874686716792
17_Major_6.pdb (58, 58) (58, 58) 0.696536144578 0.827067669173
17_Major_7.pdb (58, 58) (58, 58) 0.696654153929 0.844611528822
17_Major_8.pdb (58, 58) (58, 58) 0.720171731703 0.854010025063
17_Major_9.pdb (58, 58) (58, 58) 0.74784773422 0.872807017544
17_Xiao_1.pdb (58, 58) (58, 58) 0.753529041539 0.887218045113
17_Xiao_10.pdb (58, 58) (58, 58) 0.727684993706 0.864035087719
17_Xiao_2.pdb (58, 58) (58, 58) 0.704133698975 0.84962406015
17_Xiao_3.pdb (58, 58) (58, 58) 0.738553092969 0.874686716792
17_Xiao_4.pdb (58, 58) (58, 58) 0.69780053048 0.848997493734
17_Xiao_5.pdb (58, 58) (58, 58) 0.728044641252 0.862155388471
17_Xiao_6.pdb (58, 58) (58, 58) 0.716507822334 0.862781954887
17_Xiao_7.pdb (58, 58) (58, 58) 0.763149613379 0.878446115288
17_Xiao_8.pdb (58, 58) (58, 58) 0.730354252832 0.87343358396
17_Xiao_9.pdb (58, 58) (58, 58) 0.762070670743 0.884085213033
0.737756918011
0.0330305611094
