14_BujnickiPostExp_1.pdb (61, 61) (61, 61) 0.814423374314 0.920145190563
14_BujnickiPostExp_2.pdb (61, 61) (61, 61) 0.81083758602 0.92075015124
14_BujnickiPostExp_3.pdb (61, 61) (61, 61) 0.743558145829 0.879007864489
14_BujnickiPostExp_4.pdb (61, 61) (61, 61) 0.801457511792 0.914700544465
14_BujnickiPreExp_1.pdb (61, 61) (61, 61) 0.842805226939 0.94555353902
14_BujnickiPreExp_2.pdb (61, 61) (61, 61) 0.810852083817 0.931034482759
14_BujnickiPreExp_3.pdb (61, 61) (61, 61) 0.823895267919 0.909255898367
14_BujnickiPreExp_4.pdb (61, 61) (61, 61) 0.734661331478 0.887477313975
14_ChenPostExp_1.pdb (61, 61) (61, 61) 0.776675945256 0.898971566848
14_ChenPostExp_10.pdb (61, 61) (61, 61) 0.837827650197 0.943738656987
14_ChenPostExp_2.pdb (61, 61) (61, 61) 0.852064486198 0.94797338173
14_ChenPostExp_3.pdb (61, 61) (61, 61) 0.812016740122 0.936479128857
14_ChenPostExp_4.pdb (61, 61) (61, 61) 0.818825871801 0.924379915306
14_ChenPostExp_5.pdb (61, 61) (61, 61) 0.815723343385 0.939503932244
14_ChenPostExp_6.pdb (61, 61) (61, 61) 0.808658083971 0.934059286146
14_ChenPostExp_7.pdb (61, 61) (61, 61) 0.790473014768 0.919540229885
14_ChenPostExp_8.pdb (61, 61) (61, 61) 0.861898824712 0.94797338173
14_ChenPostExp_9.pdb (61, 61) (61, 61) 0.823590814196 0.939503932244
14_DasPostExp_1.pdb (61, 61) (61, 61) 0.816134114281 0.902601330913
14_DasPostExp_10.pdb (61, 61) (61, 61) 0.883413554473 0.944343617665
14_DasPostExp_2.pdb (61, 61) (61, 61) 0.930739194309 0.94797338173
14_DasPostExp_3.pdb (61, 61) (61, 61) 0.905155416377 0.937689050212
14_DasPostExp_4.pdb (61, 61) (61, 61) 0.866741088688 0.935874168179
14_DasPostExp_5.pdb (61, 61) (61, 61) 0.882248898167 0.938898971567
14_DasPostExp_6.pdb (61, 61) (61, 61) 0.932947691951 0.955232909861
14_DasPostExp_7.pdb (61, 61) (61, 61) 0.866286824403 0.941923774955
14_DasPostExp_8.pdb (61, 61) (61, 61) 0.854123173278 0.931034482759
14_DasPostExp_9.pdb (61, 61) (61, 61) 0.825180739194 0.91833030853
14_DasPreExp_1.pdb (61, 61) (61, 61) 0.932947691951 0.955232909861
14_DasPreExp_10.pdb (61, 61) (61, 61) 0.825180739194 0.91833030853
14_DasPreExp_2.pdb (61, 61) (61, 61) 0.866286824403 0.941923774955
14_DasPreExp_3.pdb (61, 61) (61, 61) 0.871824982603 0.931034482759
14_DasPreExp_4.pdb (61, 61) (61, 61) 0.854123173278 0.931034482759
14_DasPreExp_5.pdb (61, 61) (61, 61) 0.883413554473 0.944343617665
14_DasPreExp_6.pdb (61, 61) (61, 61) 0.816134114281 0.902601330913
14_DasPreExp_7.pdb (61, 61) (61, 61) 0.823093056522 0.914700544465
14_DasPreExp_8.pdb (61, 61) (61, 61) 0.848464200108 0.938294010889
14_DasPreExp_9.pdb (61, 61) (61, 61) 0.903778125725 0.94555353902
14_DingPostExp_1.pdb (61, 61) (61, 61) 0.809566612542 0.921960072595
14_DingPostExp_10.pdb (61, 61) (61, 61) 0.827495554009 0.918935269208
14_DingPostExp_2.pdb (61, 61) (61, 61) 0.814210739968 0.933454325469
14_DingPostExp_3.pdb (61, 61) (61, 61) 0.819521766025 0.925589836661
14_DingPostExp_4.pdb (61, 61) (61, 61) 0.864532591046 0.928614640048
14_DingPostExp_5.pdb (61, 61) (61, 61) 0.818705056831 0.92075015124
14_DingPostExp_6.pdb (61, 61) (61, 61) 0.856196358154 0.924379915306
14_DingPostExp_7.pdb (61, 61) (61, 61) 0.810383321735 0.926799758016
14_DingPostExp_8.pdb (61, 61) (61, 61) 0.867316167942 0.933454325469
14_DingPostExp_9.pdb (61, 61) (61, 61) 0.810127194 0.909255898367
14_DingPreExp_1.pdb (61, 61) (61, 61) 0.842776231346 0.924984875983
14_DingPreExp_2.pdb (61, 61) (61, 61) 0.814983955772 0.907441016334
14_DingPreExp_3.pdb (61, 61) (61, 61) 0.822426157891 0.934059286146
14_DingPreExp_4.pdb (61, 61) (61, 61) 0.876000347947 0.938294010889
0.838898163761
0.0410602339943
