122 0.623668653694
122 0.619163202692
122 0.617773235276
122 0.635134980815
122 0.642487742859
122 0.625473536756
122 0.631741808271
122 0.644001423656
122 0.646172878982
122 0.621209231683
122 0.620708668311
122 0.616378509653
122 0.642049797491
122 0.606297391741
122 0.616854520677
122 0.660924462513
122 0.641182661855
122 0.604662281503
122 0.624531031122
122 0.64417995158
122 0.608592560448
122 0.639042991351
122 0.632619221633
122 0.632378837018
122 0.635926746452
122 0.651446304586
122 0.623093481637
122 0.629856797003
122 0.626473140873
122 0.616693502954
122 0.631737811377
122 0.606005428162
122 0.918151798222
122 0.647342255923
122 0.637307958767
122 0.633683918022
122 0.654444355625
122 0.613343154272
122 0.658845887387
122 0.657861319203
122 0.635917991351
122 0.640928002619
122 0.616358715513
122 0.630366115476
122 0.624479452159
122 0.64235051617
122 0.640494054145
122 0.607433461234
122 0.605976878921
0.636403033258
0.0432390412769
