12_Adamiak_1.pdb (129, 129) (129, 129) 0.740350274725 0.922045387563
12_Adamiak_2.pdb (129, 129) (129, 129) 0.746909340659 0.931034482759
12_Adamiak_3.pdb (129, 129) (129, 129) 0.745226648352 0.927939876216
12_Bujnicki_1.pdb (129, 129) (129, 129) 0.765006868132 0.92897141173
12_Bujnicki_10.pdb (129, 129) (129, 129) 0.801362179487 0.946654877689
12_Bujnicki_2.pdb (129, 129) (129, 129) 0.725595238095 0.924108458591
12_Bujnicki_3.pdb (129, 129) (129, 129) 0.797928113553 0.932655467138
12_Bujnicki_4.pdb (129, 129) (129, 129) 0.803857600733 0.954317712938
12_Bujnicki_5.pdb (129, 129) (129, 129) 0.801522435897 0.946949602122
12_Bujnicki_6.pdb (129, 129) (129, 129) 0.778731684982 0.928087238432
12_Bujnicki_7.pdb (129, 129) (129, 129) 0.774908424908 0.927203065134
12_Bujnicki_8.pdb (129, 129) (129, 129) 0.793383699634 0.930445033893
12_Bujnicki_9.pdb (129, 129) (129, 129) 0.766380494505 0.923813734159
12_Chen_1.pdb (129, 129) (129, 129) 0.741735347985 0.930739758326
12_Chen_10.pdb (129, 129) (129, 129) 0.731318681319 0.933097553787
12_Chen_2.pdb (129, 129) (129, 129) 0.749061355311 0.931918656057
12_Chen_3.pdb (129, 129) (129, 129) 0.734168956044 0.929118773946
12_Chen_4.pdb (129, 129) (129, 129) 0.757898351648 0.932802829355
12_Chen_5.pdb (129, 129) (129, 129) 0.735657051282 0.93339227822
12_Chen_6.pdb (129, 129) (129, 129) 0.738152472527 0.930297671677
12_Chen_7.pdb (129, 129) (129, 129) 0.732234432234 0.933244916004
12_Chen_8.pdb (129, 129) (129, 129) 0.761378205128 0.937665782493
12_Chen_9.pdb (129, 129) (129, 129) 0.760542582418 0.937665782493
12_Das_1.pdb (129, 129) (129, 129) 0.801156135531 0.944739168877
12_Das_10.pdb (129, 129) (129, 129) 0.779578754579 0.941939286767
12_Das_2.pdb (129, 129) (129, 129) 0.81771978022 0.947539050987
12_Das_3.pdb (129, 129) (129, 129) 0.783917124542 0.9422340112
12_Das_4.pdb (129, 129) (129, 129) 0.802529761905 0.939581491306
12_Das_5.pdb (129, 129) (129, 129) 0.800766941392 0.947096964338
12_Das_6.pdb (129, 129) (129, 129) 0.807131410256 0.946507515473
12_Das_7.pdb (129, 129) (129, 129) 0.801144688645 0.941644562334
12_Das_8.pdb (129, 129) (129, 129) 0.818463827839 0.944297082228
12_Das_9.pdb (129, 129) (129, 129) 0.76404532967 0.937960506926
12_Ding_1.pdb (129, 129) (129, 129) 0.808253205128 0.93781314471
12_Ding_10.pdb (129, 129) (129, 129) 0.796176739927 0.932508104922
12_Ding_11.pdb (129, 129) (129, 129) 0.825915750916 0.947244326555
12_Ding_12.pdb (129, 129) (129, 129) 0.788713369963 0.937223695844
12_Ding_2.pdb (129, 129) (129, 129) 0.760370879121 0.923519009726
12_Ding_3.pdb (129, 129) (129, 129) 0.788232600733 0.936339522546
12_Ding_4.pdb (129, 129) (129, 129) 0.782451923077 0.93339227822
12_Ding_5.pdb (129, 129) (129, 129) 0.78195970696 0.929413498379
12_Ding_6.pdb (129, 129) (129, 129) 0.78176510989 0.93059239611
12_Ding_7.pdb (129, 129) (129, 129) 0.791185897436 0.938697318008
12_Ding_8.pdb (129, 129) (129, 129) 0.818383699634 0.944149720012
12_Ding_9.pdb (129, 129) (129, 129) 0.787385531136 0.933244916004
12_Kevin_1.pdb (129, 129) (129, 129) 0.760061813187 0.926024167403
12_Kevin_2.pdb (129, 129) (129, 129) 0.769929029304 0.925729442971
12_Kevin_3.pdb (129, 129) (129, 129) 0.746806318681 0.935455349248
12_ORISolution_0.pdb (129, 129) (129, 129) 0.990253153358 0.996884735202
TPP_FL_sln.out.1.pdb (129, 129) (129, 129) 0.701968252709 0.811694152924
TPP_FL_sln.out.2.pdb (129, 129) (129, 129) 0.665229619464 0.810494752624
TPP_FL_sln.out.3.pdb (129, 129) (129, 129) 0.683577595289 0.828785607196
TPP_FL_sln.out.4.pdb (129, 129) (129, 129) 0.691863685808 0.819340329835
TPP_FL_sln.out.5.pdb (129, 129) (129, 129) 0.691070769991 0.816341829085
0.771691089738
0.0472947835057
