6_Blanchet_1.pdb (168, 168) (168, 168) 0.73621891364 0.913891800371
6_Blanchet_2.pdb (168, 168) (168, 168) 0.745547800422 0.920906232363
6_Blanchet_3.pdb (168, 168) (168, 168) 0.74760488185 0.919616221882
6_Blanchet_4.pdb (168, 168) (168, 168) 0.751128716087 0.918487462711
6_Blanchet_5.pdb (168, 168) (168, 168) 0.742108254716 0.915423687817
6_Blanchet_6.pdb (168, 168) (168, 168) 0.740401742963 0.917358703539
6_Blanchet_7.pdb (168, 168) (168, 168) 0.742831723908 0.917600580505
6_Bujnicki_1.pdb (168, 168) (168, 168) 0.729441039379 0.941326327522
6_Bujnicki_2.pdb (168, 168) (168, 168) 0.714012663416 0.933126343444
6_Bujnicki_3.pdb (168, 168) (168, 168) 0.699806578764 0.935594299817
6_Bujnicki_4.pdb (168, 168) (168, 168) 0.730115169659 0.935833134305
6_Chen_1.pdb (168, 168) (168, 168) 0.766985589637 0.939734097604
6_Chen_2.pdb (168, 168) (168, 168) 0.756900517539 0.946421463259
6_Chen_3.pdb (168, 168) (168, 168) 0.747972934013 0.935037019346
6_Chen_4.pdb (168, 168) (168, 168) 0.761894094406 0.938778759653
6_Chen_5.pdb (168, 168) (168, 168) 0.74794241569 0.931613725022
6_Chen_6.pdb (168, 168) (168, 168) 0.751624613716 0.936708860759
6_Chen_7.pdb (168, 168) (168, 168) 0.733390370131 0.933444789428
6_DAS_1.pdb (168, 168) (168, 168) 0.861449799566 0.960433086538
6_DAS_10.pdb (168, 168) (168, 168) 0.802180878336 0.948969031128
6_DAS_2.pdb (168, 168) (168, 168) 0.824808331944 0.95358649789
6_DAS_3.pdb (168, 168) (168, 168) 0.832853870996 0.950720484038
6_DAS_4.pdb (168, 168) (168, 168) 0.85929325797 0.960671921025
6_DAS_5.pdb (168, 168) (168, 168) 0.835912845902 0.947934081681
6_DAS_6.pdb (168, 168) (168, 168) 0.851303690821 0.960273863546
6_DAS_7.pdb (168, 168) (168, 168) 0.82401784244 0.949605923095
6_DAS_8.pdb (168, 168) (168, 168) 0.827657444679 0.94873019664
6_DAS_9.pdb (168, 168) (168, 168) 0.824239782076 0.954223389857
6_Dokholian_1.pdb (168, 168) (168, 168) 0.725647546872 0.936868083751
6_Dokholian_2.pdb (168, 168) (168, 168) 0.720073991999 0.936708860759
6_Dokholian_3.pdb (168, 168) (168, 168) 0.731208374955 0.940370989571
6_Dokholian_4.pdb (168, 168) (168, 168) 0.715903370937 0.934081681395
6_Dokholian_5.pdb (168, 168) (168, 168) 0.717584865613 0.927075869756
6_Dokholian_6.pdb (168, 168) (168, 168) 0.700536031621 0.932728285964
0.764723527843
0.0482533067531
