19_3dRNA_1.pdb (62, 62) (62, 62) 0.743040399631 0.866101694915
19_3dRNA_2.pdb (62, 62) (62, 62) 0.779050875406 0.875141242938
19_3dRNA_3.pdb (62, 62) (62, 62) 0.744155875649 0.864406779661
19_3dRNA_4.pdb (62, 62) (62, 62) 0.765737911635 0.871186440678
19_3dRNA_5.pdb (62, 62) (62, 62) 0.742397788448 0.861581920904
19_Bujnicki_Human_1.pdb (62, 62) (62, 62) 0.775401328871 0.897175141243
19_Bujnicki_Human_2.pdb (62, 62) (62, 62) 0.817631795916 0.902259887006
19_Bujnicki_Human_3.pdb (62, 62) (62, 62) 0.77098186139 0.881355932203
19_Bujnicki_Human_4.pdb (62, 62) (62, 62) 0.744677239439 0.875706214689
19_Bujnicki_Human_5.pdb (62, 62) (62, 62) 0.717148018818 0.857627118644
19_Chen_Human_1.pdb (62, 62) (62, 62) 0.871877879626 0.923163841808
19_Chen_Human_2.pdb (62, 62) (62, 62) 0.823700227945 0.906779661017
19_Chen_Human_3.pdb (62, 62) (62, 62) 0.772891507833 0.875706214689
19_Chen_Human_4.pdb (62, 62) (62, 62) 0.754383093263 0.879096045198
19_Chen_Human_5.pdb (62, 62) (62, 62) 0.684114166545 0.823728813559
19_Das_Human_1.pdb (62, 62) (62, 62) 0.775274019109 0.86384180791
19_Das_Human_2.pdb (62, 62) (62, 62) 0.793097385906 0.878531073446
19_Das_Human_3.pdb (62, 62) (62, 62) 0.77204883845 0.862146892655
19_Das_Human_4.pdb (62, 62) (62, 62) 0.805416121053 0.877401129944
19_Das_Human_5.pdb (62, 62) (62, 62) 0.796874242204 0.889830508475
19_Ding_Human_1.pdb (62, 62) (62, 62) 0.737172025801 0.870621468927
19_Ding_Human_2.pdb (62, 62) (62, 62) 0.74643532664 0.878531073446
19_Ding_Human_3.pdb (62, 62) (62, 62) 0.736086861632 0.870621468927
19_Ding_Human_4.pdb (62, 62) (62, 62) 0.73720233765 0.868926553672
19_Ding_Human_5.pdb (62, 62) (62, 62) 0.722422280421 0.866101694915
19_Dokholyan_1.pdb (62, 62) (62, 62) 0.725847519278 0.876836158192
19_LeeServer_1.pdb (62, 62) (62, 62) 0.686824045783 0.854237288136
19_LeeServer_2.pdb (62, 62) (62, 62) 0.700670498084 0.848587570621
19_LeeServer_3.pdb (62, 62) (62, 62) 0.678033609777 0.84011299435
19_LeeServer_4.pdb (62, 62) (62, 62) 0.70696930016 0.860451977401
19_LeeServer_5.pdb (62, 62) (62, 62) 0.712043503565 0.85988700565
19_RNAComposer_1.pdb (62, 62) (62, 62) 0.791921286192 0.883615819209
19_RNAComposer_2.pdb (62, 62) (62, 62) 0.821269217712 0.901129943503
19_RNAComposer_3.pdb (62, 62) (62, 62) 0.807162083515 0.901129943503
19_RNAComposer_4.pdb (62, 62) (62, 62) 0.815170473835 0.898305084746
19_RNAComposer_5.pdb (62, 62) (62, 62) 0.821008535816 0.895480225989
19_RNAComposer_Human_1.pdb (62, 62) (62, 62) 0.802148503807 0.898305084746
19_RNAComposer_Human_2.pdb (62, 62) (62, 62) 0.755007517338 0.864406779661
19_RNAComposer_Human_3.pdb (62, 62) (62, 62) 0.732643435666 0.840677966102
19_RNAComposer_Human_4.pdb (62, 62) (62, 62) 0.764683059314 0.869491525424
19_RNAComposer_Human_5.pdb (62, 62) (62, 62) 0.786174159756 0.881355932203
19_RW3D_1.pdb (62, 62) (62, 62) 0.710788593045 0.849152542373
19_RW3D_10.pdb (62, 62) (62, 62) 0.696251030603 0.832768361582
19_RW3D_2.pdb (62, 62) (62, 62) 0.707884717979 0.849717514124
19_RW3D_3.pdb (62, 62) (62, 62) 0.69701488918 0.830508474576
19_RW3D_4.pdb (62, 62) (62, 62) 0.704550414666 0.833898305085
19_RW3D_5.pdb (62, 62) (62, 62) 0.707242106795 0.845197740113
19_RW3D_6.pdb (62, 62) (62, 62) 0.69985814055 0.833333333333
19_RW3D_7.pdb (62, 62) (62, 62) 0.698391047092 0.834463276836
19_RW3D_8.pdb (62, 62) (62, 62) 0.683119937921 0.818644067797
19_RW3D_9.pdb (62, 62) (62, 62) 0.693698772976 0.833898305085
19_simRNA_1.pdb (62, 62) (62, 62) 0.778135457588 0.885875706215
19_simRNA_2.pdb (62, 62) (62, 62) 0.743925505602 0.857062146893
19_simRNA_3.pdb (62, 62) (62, 62) 0.726835685533 0.841807909605
0.749712823304
0.0449774532627
