3_bujnicki_1.pdb (84, 84) (84, 84) 0.789128728414 0.912220309811
3_bujnicki_2.pdb (84, 84) (84, 84) 0.761394557823 0.908204245554
3_chen_1.pdb (84, 84) (84, 84) 0.784918150382 0.928298560094
3_das_1.pdb (84, 84) (84, 84) 0.749781357494 0.893329415222
3_das_2.pdb (84, 84) (84, 84) 0.783411826269 0.90131956397
3_das_3.pdb (84, 84) (84, 84) 0.773348940445 0.90243902439
3_das_4.pdb (84, 84) (84, 84) 0.817399267399 0.929718875502
3_das_5.pdb (84, 84) (84, 84) 0.790515436944 0.910786001147
3_dokholyan_1.pdb (84, 84) (84, 84) 0.735269492412 0.879231210557
3_dokholyan_2.pdb (84, 84) (84, 84) 0.766169544741 0.906196213425
3_major_1.pdb (84, 84) (84, 84) 0.656859591876 0.83749632677
3_major_2.pdb (84, 84) (84, 84) 0.749081571523 0.895974140464
0.76310653881
0.0385345605155
