18_3dRNA_1.pdb (71, 71) (71, 71) 0.769988890613 0.890945674044
18_3dRNA_2.pdb (71, 71) (71, 71) 0.778192224415 0.903018108652
18_3dRNA_3.pdb (71, 71) (71, 71) 0.77044028643 0.90060362173
18_3dRNA_4.pdb (71, 71) (71, 71) 0.827049509438 0.917907444668
18_3dRNA_5.pdb (71, 71) (71, 71) 0.754961659067 0.886921529175
18_Chen_1.pdb (71, 71) (71, 71) 0.881400521722 0.954527162978
18_Chen_2.pdb (71, 71) (71, 71) 0.881563713935 0.9476861167
18_Chen_3.pdb (71, 71) (71, 71) 0.873084492922 0.931589537223
18_Chen_4.pdb (71, 71) (71, 71) 0.845827082764 0.933601609658
18_Chen_5.pdb (71, 71) (71, 71) 0.774077933211 0.901408450704
18_Dokholyan_1.pdb (71, 71) (71, 71) 0.796016508894 0.917102615694
18_Dokholyan_2.pdb (71, 71) (71, 71) 0.811407689863 0.91106639839
18_Dokholyan_3.pdb (71, 71) (71, 71) 0.809162411353 0.909054325956
18_Feng_1.pdb (71, 71) (71, 71) 0.785780970187 0.912273641851
18_Feng_2.pdb (71, 71) (71, 71) 0.737061628769 0.89939637827
18_Feng_3.pdb (71, 71) (71, 71) 0.768571273737 0.901006036217
18_Feng_4.pdb (71, 71) (71, 71) 0.701137172599 0.867203219316
18_Feng_5.pdb (71, 71) (71, 71) 0.751060441469 0.894567404427
18_LeeASmodel_1.pdb (71, 71) (71, 71) 0.747836625505 0.899798792757
18_LeeASmodel_2.pdb (71, 71) (71, 71) 0.749567694593 0.897384305835
18_LeeASmodel_3.pdb (71, 71) (71, 71) 0.702541857263 0.87847082495
18_LeeASmodel_4.pdb (71, 71) (71, 71) 0.758975571665 0.89014084507
18_LeeASmodel_5.pdb (71, 71) (71, 71) 0.734804033865 0.88490945674
18_Lee_1.pdb (71, 71) (71, 71) 0.742693915455 0.889336016097
18_Lee_2.pdb (71, 71) (71, 71) 0.761496737387 0.896177062374
18_Lee_3.pdb (71, 71) (71, 71) 0.709578828612 0.87967806841
18_Lee_4.pdb (71, 71) (71, 71) 0.75234011474 0.882494969819
18_Lee_5.pdb (71, 71) (71, 71) 0.74340888209 0.890543259557
18_RNAComposer_1.pdb (71, 71) (71, 71) 0.759213893877 0.890543259557
18_RNAComposer_2.pdb (71, 71) (71, 71) 0.747510856901 0.87967806841
18_RNAComposer_3.pdb (71, 71) (71, 71) 0.770227212825 0.891348088531
18_RNAComposer_4.pdb (71, 71) (71, 71) 0.762713597052 0.889336016097
18_RNAComposer_5.pdb (71, 71) (71, 71) 0.733060648384 0.874849094567
18_RW3D_1.pdb (71, 71) (71, 71) 0.786082106005 0.907444668008
18_RW3D_10.pdb (71, 71) (71, 71) 0.815923495491 0.906237424547
18_RW3D_2.pdb (71, 71) (71, 71) 0.811269746258 0.909054325956
18_RW3D_3.pdb (71, 71) (71, 71) 0.811783955681 0.913480885312
18_RW3D_4.pdb (71, 71) (71, 71) 0.813954104192 0.908249496982
18_RW3D_5.pdb (71, 71) (71, 71) 0.794109931201 0.913883299799
18_RW3D_6.pdb (71, 71) (71, 71) 0.837548618963 0.914285714286
18_RW3D_7.pdb (71, 71) (71, 71) 0.791651579085 0.902615694165
18_RW3D_8.pdb (71, 71) (71, 71) 0.771456388883 0.896981891348
18_RW3D_9.pdb (71, 71) (71, 71) 0.749078733776 0.884104627767
18_Rhiju_1.pdb (71, 71) (71, 71) 0.914402913566 0.953319919517
18_Rhiju_2.pdb (71, 71) (71, 71) 0.9171248365 0.956136820926
18_Rhiju_3.pdb (71, 71) (71, 71) 0.90216041856 0.946881287726
18_Rhiju_4.pdb (71, 71) (71, 71) 0.893016112306 0.945674044266
18_Rhiju_5.pdb (71, 71) (71, 71) 0.907905400246 0.9476861167
18_YagoubAli_1.pdb (71, 71) (71, 71) 0.736677030491 0.886542443064
18_simRNA_1.pdb (71, 71) (71, 71) 0.700760906782 0.864788732394
18_simRNA_2.pdb (71, 71) (71, 71) 0.795489983077 0.900201207243
18_simRNA_3.pdb (71, 71) (71, 71) 0.760066804118 0.893762575453
TPP2.out.1.pdb (71, 71) (71, 71) 0.761400207276 0.88281573499
TPP2.out.2.pdb (71, 71) (71, 71) 0.760118365788 0.87701863354
TPP2.out.3.pdb (71, 71) (71, 71) 0.785796105384 0.889440993789
TPP2.out.4.pdb (71, 71) (71, 71) 0.784132438772 0.890269151139
TPP2.out.5.pdb (71, 71) (71, 71) 0.779032346043 0.885300207039
TPP_FL_sln.out.1.pdb (71, 71) (71, 71) 0.777423225877 0.889855072464
TPP_FL_sln.out.2.pdb (71, 71) (71, 71) 0.77987781596 0.893995859213
TPP_FL_sln.out.3.pdb (71, 71) (71, 71) 0.76905034637 0.890269151139
TPP_FL_sln.out.4.pdb (71, 71) (71, 71) 0.767768504882 0.884472049689
TPP_FL_sln.out.5.pdb (71, 71) (71, 71) 0.772091310751 0.893581780538
0.786127558288
0.0521806778318
